Bulk Composition:
index Pressure Temperature mass SiO2 TiO2 Al2O3 Fe2O3 Cr2O3 FeO MgO CaO Na2O K2O P2O5 H2O 
1 30000.00 1379.00 100.000000 44.7819 0.161086 3.61437 0.3623 0 7.82878 39.4862 3.46335 0.302036 0 0 0
2 29666.67 1379.00 100.000000 44.7819 0.161086 3.61437 0.3623 0 7.82878 39.4862 3.46335 0.302036 0 0 0
3 29666.67 1378.00 100.000000 44.7819 0.161086 3.61437 0.3623 0 7.82878 39.4862 3.46335 0.302036 0 0 0
4 29666.67 1377.00 100.000000 44.7819 0.161086 3.61437 0.3623 0 7.82878 39.4862 3.46335 0.302036 0 0 0
5 29666.67 1376.00 100.000000 44.7819 0.161086 3.61437 0.3623 0 7.82878 39.4862 3.46335 0.302036 0 0 0
6 29666.67 1378.27 100.000000 44.7819 0.161086 3.61437 0.3623 0 7.82878 39.4862 3.46335 0.302036 0 0 0
7 29333.33 1378.27 100.000000 44.7819 0.161086 3.61437 0.3623 0 7.82878 39.4862 3.46335 0.302036 0 0 0
8 29333.33 1377.27 100.000000 44.7819 0.161086 3.61437 0.3623 0 7.82878 39.4862 3.46335 0.302036 0 0 0
9 29333.33 1376.27 100.000000 44.7819 0.161086 3.61437 0.3623 0 7.82878 39.4862 3.46335 0.302036 0 0 0
10 29333.33 1375.27 100.000000 44.7819 0.161086 3.61437 0.3623 0 7.82878 39.4862 3.46335 0.302036 0 0 0
11 29333.33 1377.54 100.000000 44.7819 0.161086 3.61437 0.3623 0 7.82878 39.4862 3.46335 0.302036 0 0 0
12 29000.00 1377.54 100.000000 44.7819 0.161086 3.61437 0.3623 0 7.82878 39.4862 3.46335 0.302036 0 0 0
13 29000.00 1376.54 100.000000 44.7819 0.161086 3.61437 0.3623 0 7.82878 39.4862 3.46335 0.302036 0 0 0
14 29000.00 1375.54 100.000000 44.7819 0.161086 3.61437 0.3623 0 7.82878 39.4862 3.46335 0.302036 0 0 0
15 29000.00 1374.54 100.000000 44.7819 0.161086 3.61437 0.3623 0 7.82878 39.4862 3.46335 0.302036 0 0 0
16 29000.00 1376.81 100.000000 44.7819 0.161086 3.61437 0.3623 0 7.82878 39.4862 3.46335 0.302036 0 0 0
17 28666.67 1376.81 100.000000 44.7819 0.161086 3.61437 0.3623 0 7.82878 39.4862 3.46335 0.302036 0 0 0
18 28666.67 1375.81 100.000000 44.7819 0.161086 3.61437 0.3623 0 7.82878 39.4862 3.46335 0.302036 0 0 0
19 28666.67 1374.81 100.000000 44.7819 0.161086 3.61437 0.3623 0 7.82878 39.4862 3.46335 0.302036 0 0 0
20 28666.67 1373.81 100.000000 44.7819 0.161086 3.61437 0.3623 0 7.82878 39.4862 3.46335 0.302036 0 0 0
21 28666.67 1376.08 100.000000 44.7819 0.161086 3.61437 0.3623 0 7.82878 39.4862 3.46335 0.302036 0 0 0
22 28333.33 1376.08 100.000000 44.7819 0.161086 3.61437 0.3623 0 7.82878 39.4862 3.46335 0.302036 0 0 0
23 28333.33 1375.08 100.000000 44.7819 0.161086 3.61437 0.3623 0 7.82878 39.4862 3.46335 0.302036 0 0 0
24 28333.33 1374.08 100.000000 44.7819 0.161086 3.61437 0.3623 0 7.82878 39.4862 3.46335 0.302036 0 0 0
25 28333.33 1373.08 100.000000 44.7819 0.161086 3.61437 0.3623 0 7.82878 39.4862 3.46335 0.302036 0 0 0
26 28333.33 1375.34 100.000000 44.7819 0.161086 3.61437 0.3623 0 7.82878 39.4862 3.46335 0.302036 0 0 0
27 28000.00 1375.34 100.000000 44.7819 0.161086 3.61437 0.3623 0 7.82878 39.4862 3.46335 0.302036 0 0 0
28 28000.00 1374.34 100.000000 44.7819 0.161086 3.61437 0.3623 0 7.82878 39.4862 3.46335 0.302036 0 0 0
29 28000.00 1373.34 100.000000 44.7819 0.161086 3.61437 0.3623 0 7.82878 39.4862 3.46335 0.302036 0 0 0
30 28000.00 1372.34 100.000000 44.7819 0.161086 3.61437 0.3623 0 7.82878 39.4862 3.46335 0.302036 0 0 0
31 28000.00 1374.61 100.000000 44.7819 0.161086 3.61437 0.3623 0 7.82878 39.4862 3.46335 0.302036 0 0 0
32 27666.67 1374.61 100.000000 44.7819 0.161086 3.61437 0.3623 0 7.82878 39.4862 3.46335 0.302036 0 0 0
33 27666.67 1373.61 100.000000 44.7819 0.161086 3.61437 0.3623 0 7.82878 39.4862 3.46335 0.302036 0 0 0
34 27666.67 1372.61 100.000000 44.7819 0.161086 3.61437 0.3623 0 7.82878 39.4862 3.46335 0.302036 0 0 0
35 27666.67 1371.61 100.000000 44.7819 0.161086 3.61437 0.3623 0 7.82878 39.4862 3.46335 0.302036 0 0 0
36 27666.67 1373.87 100.000000 44.7819 0.161086 3.61437 0.3623 0 7.82878 39.4862 3.46335 0.302036 0 0 0
37 27333.33 1373.87 100.000000 44.7819 0.161086 3.61437 0.3623 0 7.82878 39.4862 3.46335 0.302036 0 0 0
38 27333.33 1372.87 100.000000 44.7819 0.161086 3.61437 0.3623 0 7.82878 39.4862 3.46335 0.302036 0 0 0
39 27333.33 1371.87 100.000000 44.7819 0.161086 3.61437 0.3623 0 7.82878 39.4862 3.46335 0.302036 0 0 0
40 27333.33 1370.87 100.000000 44.7819 0.161086 3.61437 0.3623 0 7.82878 39.4862 3.46335 0.302036 0 0 0
41 27333.33 1373.13 100.000000 44.7819 0.161086 3.61437 0.3623 0 7.82878 39.4862 3.46335 0.302036 0 0 0
42 27000.00 1373.13 100.000000 44.7819 0.161086 3.61437 0.3623 0 7.82878 39.4862 3.46335 0.302036 0 0 0
43 27000.00 1372.13 100.000000 44.7819 0.161086 3.61437 0.3623 0 7.82878 39.4862 3.46335 0.302036 0 0 0
44 27000.00 1371.13 100.000000 44.7819 0.161086 3.61437 0.3623 0 7.82878 39.4862 3.46335 0.302036 0 0 0
45 27000.00 1370.13 100.000000 44.7819 0.161086 3.61437 0.3623 0 7.82878 39.4862 3.46335 0.302036 0 0 0
46 27000.00 1372.39 100.000000 44.7819 0.161086 3.61437 0.3623 0 7.82878 39.4862 3.46335 0.302036 0 0 0
47 26666.67 1372.39 100.000000 44.7819 0.161086 3.61437 0.3623 0 7.82878 39.4862 3.46335 0.302036 0 0 0
48 26666.67 1371.39 100.000000 44.7819 0.161086 3.61437 0.3623 0 7.82878 39.4862 3.46335 0.302036 0 0 0
49 26666.67 1370.39 100.000000 44.7819 0.161086 3.61437 0.3623 0 7.82878 39.4862 3.46335 0.302036 0 0 0
50 26666.67 1369.39 100.000000 44.7819 0.161086 3.61437 0.3623 0 7.82878 39.4862 3.46335 0.302036 0 0 0
51 26666.67 1371.65 100.000000 44.7819 0.161086 3.61437 0.3623 0 7.82878 39.4862 3.46335 0.302036 0 0 0
52 26333.33 1371.65 100.000000 44.7819 0.161086 3.61437 0.3623 0 7.82878 39.4862 3.46335 0.302036 0 0 0
53 26333.33 1370.65 100.000000 44.7819 0.161086 3.61437 0.3623 0 7.82878 39.4862 3.46335 0.302036 0 0 0
54 26333.33 1369.65 100.000000 44.7819 0.161086 3.61437 0.3623 0 7.82878 39.4862 3.46335 0.302036 0 0 0
55 26333.33 1368.65 100.000000 44.7819 0.161086 3.61437 0.3623 0 7.82878 39.4862 3.46335 0.302036 0 0 0
56 26333.33 1370.91 100.000000 44.7819 0.161086 3.61437 0.3623 0 7.82878 39.4862 3.46335 0.302036 0 0 0
57 26000.00 1370.91 100.000000 44.7819 0.161086 3.61437 0.3623 0 7.82878 39.4862 3.46335 0.302036 0 0 0
58 26000.00 1369.91 100.000000 44.7819 0.161086 3.61437 0.3623 0 7.82878 39.4862 3.46335 0.302036 0 0 0
59 26000.00 1368.91 100.000000 44.7819 0.161086 3.61437 0.3623 0 7.82878 39.4862 3.46335 0.302036 0 0 0
60 26000.00 1367.91 100.000000 44.7819 0.161086 3.61437 0.3623 0 7.82878 39.4862 3.46335 0.302036 0 0 0
61 26000.00 1370.17 100.000000 44.7819 0.161086 3.61437 0.3623 0 7.82878 39.4862 3.46335 0.302036 0 0 0
62 25666.67 1370.17 100.000000 44.7819 0.161086 3.61437 0.3623 0 7.82878 39.4862 3.46335 0.302036 0 0 0
63 25666.67 1369.17 100.000000 44.7819 0.161086 3.61437 0.3623 0 7.82878 39.4862 3.46335 0.302036 0 0 0
64 25666.67 1368.17 100.000000 44.7819 0.161086 3.61437 0.3623 0 7.82878 39.4862 3.46335 0.302036 0 0 0
65 25666.67 1367.17 100.000000 44.7819 0.161086 3.61437 0.3623 0 7.82878 39.4862 3.46335 0.302036 0 0 0
66 25666.67 1369.42 100.000000 44.7819 0.161086 3.61437 0.3623 0 7.82878 39.4862 3.46335 0.302036 0 0 0
67 25333.33 1369.42 100.000000 44.7819 0.161086 3.61437 0.3623 0 7.82878 39.4862 3.46335 0.302036 0 0 0
68 25333.33 1368.42 100.000000 44.7819 0.161086 3.61437 0.3623 0 7.82878 39.4862 3.46335 0.302036 0 0 0
69 25333.33 1367.42 100.000000 44.7819 0.161086 3.61437 0.3623 0 7.82878 39.4862 3.46335 0.302036 0 0 0
70 25333.33 1366.42 100.000000 44.7819 0.161086 3.61437 0.3623 0 7.82878 39.4862 3.46335 0.302036 0 0 0
71 25333.33 1368.68 100.000000 44.7819 0.161086 3.61437 0.3623 0 7.82878 39.4862 3.46335 0.302036 0 0 0
72 25000.00 1368.68 100.000000 44.7819 0.161086 3.61437 0.3623 0 7.82878 39.4862 3.46335 0.302036 0 0 0
73 25000.00 1367.68 100.000000 44.7819 0.161086 3.61437 0.3623 0 7.82878 39.4862 3.46335 0.302036 0 0 0
74 25000.00 1366.68 100.000000 44.7819 0.161086 3.61437 0.3623 0 7.82878 39.4862 3.46335 0.302036 0 0 0
75 25000.00 1365.68 100.000000 44.7819 0.161086 3.61437 0.3623 0 7.82878 39.4862 3.46335 0.302036 0 0 0
76 25000.00 1367.93 100.000000 44.7819 0.161086 3.61437 0.3623 0 7.82878 39.4862 3.46335 0.302036 0 0 0
77 24666.67 1367.93 100.000000 44.7819 0.161086 3.61437 0.3623 0 7.82878 39.4862 3.46335 0.302036 0 0 0
78 24666.67 1366.93 100.000000 44.7819 0.161086 3.61437 0.3623 0 7.82878 39.4862 3.46335 0.302036 0 0 0
79 24666.67 1365.93 100.000000 44.7819 0.161086 3.61437 0.3623 0 7.82878 39.4862 3.46335 0.302036 0 0 0
80 24666.67 1364.93 100.000000 44.7819 0.161086 3.61437 0.3623 0 7.82878 39.4862 3.46335 0.302036 0 0 0
81 24666.67 1367.18 100.000000 44.7819 0.161086 3.61437 0.3623 0 7.82878 39.4862 3.46335 0.302036 0 0 0
82 24333.33 1367.18 100.000000 44.7819 0.161086 3.61437 0.3623 0 7.82878 39.4862 3.46335 0.302036 0 0 0
83 24333.33 1366.18 100.000000 44.7819 0.161086 3.61437 0.3623 0 7.82878 39.4862 3.46335 0.302036 0 0 0
84 24333.33 1365.18 100.000000 44.7819 0.161086 3.61437 0.3623 0 7.82878 39.4862 3.46335 0.302036 0 0 0
85 24333.33 1364.18 100.000000 44.7819 0.161086 3.61437 0.3623 0 7.82878 39.4862 3.46335 0.302036 0 0 0
86 24333.33 1366.42 100.000000 44.7819 0.161086 3.61437 0.3623 0 7.82878 39.4862 3.46335 0.302036 0 0 0
87 24000.00 1366.42 100.000000 44.7819 0.161086 3.61437 0.3623 0 7.82878 39.4862 3.46335 0.302036 0 0 0
88 24000.00 1365.42 100.000000 44.7819 0.161086 3.61437 0.3623 0 7.82878 39.4862 3.46335 0.302036 0 0 0
89 24000.00 1364.42 100.000000 44.7819 0.161086 3.61437 0.3623 0 7.82878 39.4862 3.46335 0.302036 0 0 0
90 24000.00 1363.42 100.000000 44.7819 0.161086 3.61437 0.3623 0 7.82878 39.4862 3.46335 0.302036 0 0 0
91 24000.00 1365.67 100.000000 44.7819 0.161086 3.61437 0.3623 0 7.82878 39.4862 3.46335 0.302036 0 0 0
92 23666.67 1365.67 100.000000 44.7819 0.161086 3.61437 0.3623 0 7.82878 39.4862 3.46335 0.302036 0 0 0
93 23666.67 1364.67 100.000000 44.7819 0.161086 3.61437 0.3623 0 7.82878 39.4862 3.46335 0.302036 0 0 0
94 23666.67 1363.67 100.000000 44.7819 0.161086 3.61437 0.3623 0 7.82878 39.4862 3.46335 0.302036 0 0 0
95 23666.67 1362.67 100.000000 44.7819 0.161086 3.61437 0.3623 0 7.82878 39.4862 3.46335 0.302036 0 0 0
96 23666.67 1364.91 100.000000 44.7819 0.161086 3.61437 0.3623 0 7.82878 39.4862 3.46335 0.302036 0 0 0
97 23333.33 1364.91 100.000000 44.7819 0.161086 3.61437 0.3623 0 7.82878 39.4862 3.46335 0.302036 0 0 0
98 23333.33 1363.91 100.000000 44.7819 0.161086 3.61437 0.3623 0 7.82878 39.4862 3.46335 0.302036 0 0 0
99 23333.33 1362.91 100.000000 44.7819 0.161086 3.61437 0.3623 0 7.82878 39.4862 3.46335 0.302036 0 0 0
100 23333.33 1361.91 100.000000 44.7819 0.161086 3.61437 0.3623 0 7.82878 39.4862 3.46335 0.302036 0 0 0
101 23333.33 1364.15 100.000000 44.7819 0.161086 3.61437 0.3623 0 7.82878 39.4862 3.46335 0.302036 0 0 0
102 23000.00 1364.15 100.000000 44.7819 0.161086 3.61437 0.3623 0 7.82878 39.4862 3.46335 0.302036 0 0 0
103 23000.00 1363.15 100.000000 44.7819 0.161086 3.61437 0.3623 0 7.82878 39.4862 3.46335 0.302036 0 0 0
104 23000.00 1362.15 100.000000 44.7819 0.161086 3.61437 0.3623 0 7.82878 39.4862 3.46335 0.302036 0 0 0
105 23000.00 1361.15 100.000000 44.7819 0.161086 3.61437 0.3623 0 7.82878 39.4862 3.46335 0.302036 0 0 0
106 23000.00 1363.39 100.000000 44.7819 0.161086 3.61437 0.3623 0 7.82878 39.4862 3.46335 0.302036 0 0 0
107 22666.67 1363.39 100.000000 44.7819 0.161086 3.61437 0.3623 0 7.82878 39.4862 3.46335 0.302036 0 0 0
108 22666.67 1362.39 100.000000 44.7819 0.161086 3.61437 0.3623 0 7.82878 39.4862 3.46335 0.302036 0 0 0
109 22666.67 1361.39 100.000000 44.7819 0.161086 3.61437 0.3623 0 7.82878 39.4862 3.46335 0.302036 0 0 0
110 22666.67 1360.39 100.000000 44.7819 0.161086 3.61437 0.3623 0 7.82878 39.4862 3.46335 0.302036 0 0 0
111 22666.67 1362.62 100.000000 44.7819 0.161086 3.61437 0.3623 0 7.82878 39.4862 3.46335 0.302036 0 0 0
112 22333.33 1362.62 100.000000 44.7819 0.161086 3.61437 0.3623 0 7.82878 39.4862 3.46335 0.302036 0 0 0
113 22333.33 1361.62 100.000000 44.7819 0.161086 3.61437 0.3623 0 7.82878 39.4862 3.46335 0.302036 0 0 0
114 22333.33 1360.62 100.000000 44.7819 0.161086 3.61437 0.3623 0 7.82878 39.4862 3.46335 0.302036 0 0 0
115 22333.33 1359.62 100.000000 44.7819 0.161086 3.61437 0.3623 0 7.82878 39.4862 3.46335 0.302036 0 0 0
116 22333.33 1361.86 100.000000 44.7819 0.161086 3.61437 0.3623 0 7.82878 39.4862 3.46335 0.302036 0 0 0
117 22000.00 1361.86 100.000000 44.7819 0.161086 3.61437 0.3623 0 7.82878 39.4862 3.46335 0.302036 0 0 0
118 22000.00 1360.86 100.000000 44.7819 0.161086 3.61437 0.3623 0 7.82878 39.4862 3.46335 0.302036 0 0 0
119 22000.00 1359.86 100.000000 44.7819 0.161086 3.61437 0.3623 0 7.82878 39.4862 3.46335 0.302036 0 0 0
120 22000.00 1358.86 100.000000 44.7819 0.161086 3.61437 0.3623 0 7.82878 39.4862 3.46335 0.302036 0 0 0
121 22000.00 1361.09 100.000000 44.7819 0.161086 3.61437 0.3623 0 7.82878 39.4862 3.46335 0.302036 0 0 0
122 21666.67 1361.09 100.000000 44.7819 0.161086 3.61437 0.3623 0 7.82878 39.4862 3.46335 0.302036 0 0 0
123 21666.67 1360.09 100.000000 44.7819 0.161086 3.61437 0.3623 0 7.82878 39.4862 3.46335 0.302036 0 0 0
124 21666.67 1359.09 100.000000 44.7819 0.161086 3.61437 0.3623 0 7.82878 39.4862 3.46335 0.302036 0 0 0
125 21666.67 1358.09 100.000000 44.7819 0.161086 3.61437 0.3623 0 7.82878 39.4862 3.46335 0.302036 0 0 0
126 21666.67 1360.32 100.000000 44.7819 0.161086 3.61437 0.3623 0 7.82878 39.4862 3.46335 0.302036 0 0 0
127 21333.33 1360.32 100.000000 44.7819 0.161086 3.61437 0.3623 0 7.82878 39.4862 3.46335 0.302036 0 0 0
128 21333.33 1359.32 100.000000 44.7819 0.161086 3.61437 0.3623 0 7.82878 39.4862 3.46335 0.302036 0 0 0
129 21333.33 1358.32 100.000000 44.7819 0.161086 3.61437 0.3623 0 7.82878 39.4862 3.46335 0.302036 0 0 0
130 21333.33 1357.32 100.000000 44.7819 0.161086 3.61437 0.3623 0 7.82878 39.4862 3.46335 0.302036 0 0 0
131 21333.33 1359.54 100.000000 44.7819 0.161086 3.61437 0.3623 0 7.82878 39.4862 3.46335 0.302036 0 0 0
132 21000.00 1359.54 100.000000 44.7819 0.161086 3.61437 0.3623 0 7.82878 39.4862 3.46335 0.302036 0 0 0
133 21000.00 1358.54 100.000000 44.7819 0.161086 3.61437 0.3623 0 7.82878 39.4862 3.46335 0.302036 0 0 0
134 21000.00 1357.54 100.000000 44.7819 0.161086 3.61437 0.3623 0 7.82878 39.4862 3.46335 0.302036 0 0 0
135 21000.00 1356.54 100.000000 44.7819 0.161086 3.61437 0.3623 0 7.82878 39.4862 3.46335 0.302036 0 0 0
136 21000.00 1358.76 100.000000 44.7819 0.161086 3.61437 0.3623 0 7.82878 39.4862 3.46335 0.302036 0 0 0
137 20666.67 1358.76 100.000000 44.7819 0.161086 3.61437 0.3623 0 7.82878 39.4862 3.46335 0.302036 0 0 0
138 20666.67 1357.76 100.000000 44.7819 0.161086 3.61437 0.3623 0 7.82878 39.4862 3.46335 0.302036 0 0 0
139 20666.67 1356.76 100.000000 44.7819 0.161086 3.61437 0.3623 0 7.82878 39.4862 3.46335 0.302036 0 0 0
140 20666.67 1355.76 100.000000 44.7819 0.161086 3.61437 0.3623 0 7.82878 39.4862 3.46335 0.302036 0 0 0
141 20666.67 1357.98 100.000000 44.7819 0.161086 3.61437 0.3623 0 7.82878 39.4862 3.46335 0.302036 0 0 0
142 20333.33 1357.98 100.000000 44.7819 0.161086 3.61437 0.3623 0 7.82878 39.4862 3.46335 0.302036 0 0 0
143 20333.33 1356.98 100.000000 44.7819 0.161086 3.61437 0.3623 0 7.82878 39.4862 3.46335 0.302036 0 0 0
144 20333.33 1355.98 100.000000 44.7819 0.161086 3.61437 0.3623 0 7.82878 39.4862 3.46335 0.302036 0 0 0
145 20333.33 1354.98 100.000000 44.7819 0.161086 3.61437 0.3623 0 7.82878 39.4862 3.46335 0.302036 0 0 0
146 20333.33 1357.19 100.000000 44.7819 0.161086 3.61437 0.3623 0 7.82878 39.4862 3.46335 0.302036 0 0 0
147 20000.00 1357.19 100.000000 44.7819 0.161086 3.61437 0.3623 0 7.82878 39.4862 3.46335 0.302036 0 0 0
148 20000.00 1356.19 100.000000 44.7819 0.161086 3.61437 0.3623 0 7.82878 39.4862 3.46335 0.302036 0 0 0
149 20000.00 1355.19 100.000000 44.7819 0.161086 3.61437 0.3623 0 7.82878 39.4862 3.46335 0.302036 0 0 0
150 20000.00 1354.19 100.000000 44.7819 0.161086 3.61437 0.3623 0 7.82878 39.4862 3.46335 0.302036 0 0 0
151 20000.00 1356.41 100.000000 44.7819 0.161086 3.61437 0.3623 0 7.82878 39.4862 3.46335 0.302036 0 0 0
152 19666.67 1356.41 100.000000 44.7819 0.161086 3.61437 0.3623 0 7.82878 39.4862 3.46335 0.302036 0 0 0
153 19666.67 1355.41 100.000000 44.7819 0.161086 3.61437 0.3623 0 7.82878 39.4862 3.46335 0.302036 0 0 0
154 19666.67 1354.41 100.000000 44.7819 0.161086 3.61437 0.3623 0 7.82878 39.4862 3.46335 0.302036 0 0 0
155 19666.67 1353.41 100.000000 44.7819 0.161086 3.61437 0.3623 0 7.82878 39.4862 3.46335 0.302036 0 0 0
156 19666.67 1355.61 100.000000 44.7819 0.161086 3.61437 0.3623 0 7.82878 39.4862 3.46335 0.302036 0 0 0
157 19333.33 1355.61 100.000000 44.7819 0.161086 3.61437 0.3623 0 7.82878 39.4862 3.46335 0.302036 0 0 0
158 19333.33 1354.61 100.000000 44.7819 0.161086 3.61437 0.3623 0 7.82878 39.4862 3.46335 0.302036 0 0 0
159 19333.33 1353.61 100.000000 44.7819 0.161086 3.61437 0.3623 0 7.82878 39.4862 3.46335 0.302036 0 0 0
160 19333.33 1352.61 100.000000 44.7819 0.161086 3.61437 0.3623 0 7.82878 39.4862 3.46335 0.302036 0 0 0
161 19333.33 1354.82 100.000000 44.7819 0.161086 3.61437 0.3623 0 7.82878 39.4862 3.46335 0.302036 0 0 0
162 19000.00 1354.82 100.000000 44.7819 0.161086 3.61437 0.3623 0 7.82878 39.4862 3.46335 0.302036 0 0 0
163 19000.00 1353.82 100.000000 44.7819 0.161086 3.61437 0.3623 0 7.82878 39.4862 3.46335 0.302036 0 0 0
164 19000.00 1352.82 100.000000 44.7819 0.161086 3.61437 0.3623 0 7.82878 39.4862 3.46335 0.302036 0 0 0
165 19000.00 1351.82 100.000000 44.7819 0.161086 3.61437 0.3623 0 7.82878 39.4862 3.46335 0.302036 0 0 0
166 19000.00 1354.02 100.000000 44.7819 0.161086 3.61437 0.3623 0 7.82878 39.4862 3.46335 0.302036 0 0 0
167 18666.67 1354.02 100.000000 44.7819 0.161086 3.61437 0.3623 0 7.82878 39.4862 3.46335 0.302036 0 0 0
168 18666.67 1353.02 100.000000 44.7819 0.161086 3.61437 0.3623 0 7.82878 39.4862 3.46335 0.302036 0 0 0
169 18666.67 1352.02 100.000000 44.7819 0.161086 3.61437 0.3623 0 7.82878 39.4862 3.46335 0.302036 0 0 0
170 18666.67 1351.02 100.000000 44.7819 0.161086 3.61437 0.3623 0 7.82878 39.4862 3.46335 0.302036 0 0 0
171 18666.67 1353.21 100.000000 44.7819 0.161086 3.61437 0.3623 0 7.82878 39.4862 3.46335 0.302036 0 0 0
172 18333.33 1353.21 100.000000 44.7819 0.161086 3.61437 0.3623 0 7.82878 39.4862 3.46335 0.302036 0 0 0
173 18333.33 1352.21 100.000000 44.7819 0.161086 3.61437 0.3623 0 7.82878 39.4862 3.46335 0.302036 0 0 0
174 18333.33 1351.21 100.000000 44.7819 0.161086 3.61437 0.3623 0 7.82878 39.4862 3.46335 0.302036 0 0 0
175 18333.33 1350.21 100.000000 44.7819 0.161086 3.61437 0.3623 0 7.82878 39.4862 3.46335 0.302036 0 0 0
176 18333.33 1352.40 100.000000 44.7819 0.161086 3.61437 0.3623 0 7.82878 39.4862 3.46335 0.302036 0 0 0
177 18000.00 1352.40 100.000000 44.7819 0.161086 3.61437 0.3623 0 7.82878 39.4862 3.46335 0.302036 0 0 0
178 18000.00 1351.40 100.000000 44.7819 0.161086 3.61437 0.3623 0 7.82878 39.4862 3.46335 0.302036 0 0 0
179 18000.00 1350.40 100.000000 44.7819 0.161086 3.61437 0.3623 0 7.82878 39.4862 3.46335 0.302036 0 0 0
180 18000.00 1349.40 100.000000 44.7819 0.161086 3.61437 0.3623 0 7.82878 39.4862 3.46335 0.302036 0 0 0
181 18000.00 1351.59 100.000000 44.7819 0.161086 3.61437 0.3623 0 7.82878 39.4862 3.46335 0.302036 0 0 0
182 17666.67 1351.59 100.000000 44.7819 0.161086 3.61437 0.3623 0 7.82878 39.4862 3.46335 0.302036 0 0 0
183 17666.67 1350.59 100.000000 44.7819 0.161086 3.61437 0.3623 0 7.82878 39.4862 3.46335 0.302036 0 0 0
184 17666.67 1349.59 100.000000 44.7819 0.161086 3.61437 0.3623 0 7.82878 39.4862 3.46335 0.302036 0 0 0
185 17666.67 1348.59 100.000000 44.7819 0.161086 3.61437 0.3623 0 7.82878 39.4862 3.46335 0.302036 0 0 0
186 17666.67 1350.42 100.000000 44.7819 0.161086 3.61437 0.3623 0 7.82878 39.4862 3.46335 0.302036 0 0 0
187 17333.33 1350.42 100.000000 44.7819 0.161086 3.61437 0.3623 0 7.82878 39.4862 3.46335 0.302036 0 0 0
188 17333.33 1349.42 100.000000 44.7819 0.161086 3.61437 0.3623 0 7.82878 39.4862 3.46335 0.302036 0 0 0
189 17333.33 1348.42 100.000000 44.7819 0.161086 3.61437 0.3623 0 7.82878 39.4862 3.46335 0.302036 0 0 0
190 17333.33 1347.42 100.000000 44.7819 0.161086 3.61437 0.3623 0 7.82878 39.4862 3.46335 0.302036 0 0 0
191 17333.33 1348.56 100.000000 44.7819 0.161086 3.61437 0.3623 0 7.82878 39.4862 3.46335 0.302036 0 0 0
192 17000.00 1348.56 100.000000 44.7819 0.161086 3.61437 0.3623 0 7.82878 39.4862 3.46335 0.302036 0 0 0
193 17000.00 1347.56 100.000000 44.7819 0.161086 3.61437 0.3623 0 7.82878 39.4862 3.46335 0.302036 0 0 0
194 17000.00 1346.56 100.000000 44.7819 0.161086 3.61437 0.3623 0 7.82878 39.4862 3.46335 0.302036 0 0 0
195 17000.00 1345.56 100.000000 44.7819 0.161086 3.61437 0.3623 0 7.82878 39.4862 3.46335 0.302036 0 0 0
196 17000.00 1347.42 100.000000 44.7819 0.161086 3.61437 0.3623 0 7.82878 39.4862 3.46335 0.302036 0 0 0
197 16666.67 1347.42 100.000000 44.7819 0.161086 3.61437 0.3623 0 7.82878 39.4862 3.46335 0.302036 0 0 0
198 16666.67 1346.42 100.000000 44.7819 0.161086 3.61437 0.3623 0 7.82878 39.4862 3.46335 0.302036 0 0 0
199 16666.67 1345.42 100.000000 44.7819 0.161086 3.61437 0.3623 0 7.82878 39.4862 3.46335 0.302036 0 0 0
200 16666.67 1344.42 100.000000 44.7819 0.161086 3.61437 0.3623 0 7.82878 39.4862 3.46335 0.302036 0 0 0
201 16666.67 1346.75 100.000000 44.7819 0.161086 3.61437 0.3623 0 7.82878 39.4862 3.46335 0.302036 0 0 0
202 16333.33 1346.75 100.000000 44.7819 0.161086 3.61437 0.3623 0 7.82878 39.4862 3.46335 0.302036 0 0 0
203 16333.33 1345.75 100.000000 44.7819 0.161086 3.61437 0.3623 0 7.82878 39.4862 3.46335 0.302036 0 0 0
204 16333.33 1344.75 100.000000 44.7819 0.161086 3.61437 0.3623 0 7.82878 39.4862 3.46335 0.302036 0 0 0
205 16333.33 1343.75 100.000000 44.7819 0.161086 3.61437 0.3623 0 7.82878 39.4862 3.46335 0.302036 0 0 0
206 16333.33 1346.07 100.000000 44.7819 0.161086 3.61437 0.3623 0 7.82878 39.4862 3.46335 0.302036 0 0 0
207 16000.00 1346.07 100.000000 44.7819 0.161086 3.61437 0.3623 0 7.82878 39.4862 3.46335 0.302036 0 0 0
208 16000.00 1345.07 100.000000 44.7819 0.161086 3.61437 0.3623 0 7.82878 39.4862 3.46335 0.302036 0 0 0
209 16000.00 1344.07 100.000000 44.7819 0.161086 3.61437 0.3623 0 7.82878 39.4862 3.46335 0.302036 0 0 0
210 16000.00 1343.07 100.000000 44.7819 0.161086 3.61437 0.3623 0 7.82878 39.4862 3.46335 0.302036 0 0 0
211 16000.00 1345.39 100.000000 44.7819 0.161086 3.61437 0.3623 0 7.82878 39.4862 3.46335 0.302036 0 0 0
212 15666.67 1345.39 100.000000 44.7819 0.161086 3.61437 0.3623 0 7.82878 39.4862 3.46335 0.302036 0 0 0
213 15666.67 1344.39 100.000000 44.7819 0.161086 3.61437 0.3623 0 7.82878 39.4862 3.46335 0.302036 0 0 0
214 15666.67 1343.39 100.000000 44.7819 0.161086 3.61437 0.3623 0 7.82878 39.4862 3.46335 0.302036 0 0 0
215 15666.67 1342.39 100.000000 44.7819 0.161086 3.61437 0.3623 0 7.82878 39.4862 3.46335 0.302036 0 0 0
216 15666.67 1344.42 100.000000 44.7819 0.161086 3.61437 0.3623 0 7.82878 39.4862 3.46335 0.302036 0 0 0
217 15333.33 1344.42 100.000000 44.7819 0.161086 3.61437 0.3623 0 7.82878 39.4862 3.46335 0.302036 0 0 0
218 15333.33 1343.42 100.000000 44.7819 0.161086 3.61437 0.3623 0 7.82878 39.4862 3.46335 0.302036 0 0 0
219 15333.33 1342.42 100.000000 44.7819 0.161086 3.61437 0.3623 0 7.82878 39.4862 3.46335 0.302036 0 0 0
220 15333.33 1341.42 100.000000 44.7819 0.161086 3.61437 0.3623 0 7.82878 39.4862 3.46335 0.302036 0 0 0
221 15333.33 1343.07 100.000000 44.7819 0.161086 3.61437 0.3623 0 7.82878 39.4862 3.46335 0.302036 0 0 0
222 15000.00 1343.07 100.000000 44.7819 0.161086 3.61437 0.3623 0 7.82878 39.4862 3.46335 0.302036 0 0 0
223 15000.00 1342.07 100.000000 44.7819 0.161086 3.61437 0.3623 0 7.82878 39.4862 3.46335 0.302036 0 0 0
224 15000.00 1341.07 100.000000 44.7819 0.161086 3.61437 0.3623 0 7.82878 39.4862 3.46335 0.302036 0 0 0
225 15000.00 1340.07 100.000000 44.7819 0.161086 3.61437 0.3623 0 7.82878 39.4862 3.46335 0.302036 0 0 0
226 15000.00 1341.69 100.000000 44.7819 0.161086 3.61437 0.3623 0 7.82878 39.4862 3.46335 0.302036 0 0 0
227 14666.67 1341.69 100.000000 44.7819 0.161086 3.61437 0.3623 0 7.82878 39.4862 3.46335 0.302036 0 0 0
228 14666.67 1340.69 100.000000 44.7819 0.161086 3.61437 0.3623 0 7.82878 39.4862 3.46335 0.302036 0 0 0
229 14666.67 1339.69 100.000000 44.7819 0.161086 3.61437 0.3623 0 7.82878 39.4862 3.46335 0.302036 0 0 0
230 14666.67 1338.69 100.000000 44.7819 0.161086 3.61437 0.3623 0 7.82878 39.4862 3.46335 0.302036 0 0 0
231 14666.67 1340.27 100.000000 44.7819 0.161086 3.61437 0.3623 0 7.82878 39.4862 3.46335 0.302036 0 0 0
232 14333.33 1340.27 100.000000 44.7819 0.161086 3.61437 0.3623 0 7.82878 39.4862 3.46335 0.302036 0 0 0
233 14333.33 1339.27 100.000000 44.7819 0.161086 3.61437 0.3623 0 7.82878 39.4862 3.46335 0.302036 0 0 0
234 14333.33 1338.27 100.000000 44.7819 0.161086 3.61437 0.3623 0 7.82878 39.4862 3.46335 0.302036 0 0 0
235 14333.33 1337.27 100.000000 44.7819 0.161086 3.61437 0.3623 0 7.82878 39.4862 3.46335 0.302036 0 0 0
236 14333.33 1338.80 100.000000 44.7819 0.161086 3.61437 0.3623 0 7.82878 39.4862 3.46335 0.302036 0 0 0
237 14000.00 1338.80 100.000000 44.7819 0.161086 3.61437 0.3623 0 7.82878 39.4862 3.46335 0.302036 0 0 0
238 14000.00 1337.80 100.000000 44.7819 0.161086 3.61437 0.3623 0 7.82878 39.4862 3.46335 0.302036 0 0 0
239 14000.00 1336.80 100.000000 44.7819 0.161086 3.61437 0.3623 0 7.82878 39.4862 3.46335 0.302036 0 0 0
240 14000.00 1335.80 100.000000 44.7819 0.161086 3.61437 0.3623 0 7.82878 39.4862 3.46335 0.302036 0 0 0
241 14000.00 1337.28 100.000000 44.7819 0.161086 3.61437 0.3623 0 7.82878 39.4862 3.46335 0.302036 0 0 0
242 13666.67 1337.28 100.000000 44.7819 0.161086 3.61437 0.3623 0 7.82878 39.4862 3.46335 0.302036 0 0 0
243 13666.67 1336.28 100.000000 44.7819 0.161086 3.61437 0.3623 0 7.82878 39.4862 3.46335 0.302036 0 0 0
244 13666.67 1335.28 100.000000 44.7819 0.161086 3.61437 0.3623 0 7.82878 39.4862 3.46335 0.302036 0 0 0
245 13666.67 1334.28 100.000000 44.7819 0.161086 3.61437 0.3623 0 7.82878 39.4862 3.46335 0.302036 0 0 0
246 13666.67 1335.69 100.000000 44.7819 0.161086 3.61437 0.3623 0 7.82878 39.4862 3.46335 0.302036 0 0 0
247 13333.33 1335.69 100.000000 44.7819 0.161086 3.61437 0.3623 0 7.82878 39.4862 3.46335 0.302036 0 0 0
248 13333.33 1334.69 100.000000 44.7819 0.161086 3.61437 0.3623 0 7.82878 39.4862 3.46335 0.302036 0 0 0
249 13333.33 1333.69 100.000000 44.7819 0.161086 3.61437 0.3623 0 7.82878 39.4862 3.46335 0.302036 0 0 0
250 13333.33 1332.69 100.000000 44.7819 0.161086 3.61437 0.3623 0 7.82878 39.4862 3.46335 0.302036 0 0 0
251 13333.33 1334.04 100.000000 44.7819 0.161086 3.61437 0.3623 0 7.82878 39.4862 3.46335 0.302036 0 0 0
252 13000.00 1334.04 100.000000 44.7819 0.161086 3.61437 0.3623 0 7.82878 39.4862 3.46335 0.302036 0 0 0
253 13000.00 1333.04 100.000000 44.7819 0.161086 3.61437 0.3623 0 7.82878 39.4862 3.46335 0.302036 0 0 0
254 13000.00 1332.04 100.000000 44.7819 0.161086 3.61437 0.3623 0 7.82878 39.4862 3.46335 0.302036 0 0 0
255 13000.00 1331.04 100.000000 44.7819 0.161086 3.61437 0.3623 0 7.82878 39.4862 3.46335 0.302036 0 0 0
256 13000.00 1332.30 100.000000 44.7819 0.161086 3.61437 0.3623 0 7.82878 39.4862 3.46335 0.302036 0 0 0
257 12666.67 1332.30 100.000000 44.7819 0.161086 3.61437 0.3623 0 7.82878 39.4862 3.46335 0.302036 0 0 0
258 12666.67 1331.30 100.000000 44.7819 0.161086 3.61437 0.3623 0 7.82878 39.4862 3.46335 0.302036 0 0 0
259 12666.67 1330.30 100.000000 44.7819 0.161086 3.61437 0.3623 0 7.82878 39.4862 3.46335 0.302036 0 0 0
260 12666.67 1329.30 100.000000 44.7819 0.161086 3.61437 0.3623 0 7.82878 39.4862 3.46335 0.302036 0 0 0
261 12666.67 1330.48 100.000000 44.7819 0.161086 3.61437 0.3623 0 7.82878 39.4862 3.46335 0.302036 0 0 0
262 12333.33 1330.48 100.000000 44.7819 0.161086 3.61437 0.3623 0 7.82878 39.4862 3.46335 0.302036 0 0 0
263 12333.33 1329.48 100.000000 44.7819 0.161086 3.61437 0.3623 0 7.82878 39.4862 3.46335 0.302036 0 0 0
264 12333.33 1328.48 100.000000 44.7819 0.161086 3.61437 0.3623 0 7.82878 39.4862 3.46335 0.302036 0 0 0
265 12333.33 1327.48 100.000000 44.7819 0.161086 3.61437 0.3623 0 7.82878 39.4862 3.46335 0.302036 0 0 0
266 12333.33 1328.55 100.000000 44.7819 0.161086 3.61437 0.3623 0 7.82878 39.4862 3.46335 0.302036 0 0 0
267 12000.00 1328.55 100.000000 44.7819 0.161086 3.61437 0.3623 0 7.82878 39.4862 3.46335 0.302036 0 0 0
268 12000.00 1327.55 100.000000 44.7819 0.161086 3.61437 0.3623 0 7.82878 39.4862 3.46335 0.302036 0 0 0
269 12000.00 1326.55 100.000000 44.7819 0.161086 3.61437 0.3623 0 7.82878 39.4862 3.46335 0.302036 0 0 0
270 12000.00 1325.55 100.000000 44.7819 0.161086 3.61437 0.3623 0 7.82878 39.4862 3.46335 0.302036 0 0 0
271 12000.00 1326.50 100.000000 44.7819 0.161086 3.61437 0.3623 0 7.82878 39.4862 3.46335 0.302036 0 0 0
272 11666.67 1326.50 100.000000 44.7819 0.161086 3.61437 0.3623 0 7.82878 39.4862 3.46335 0.302036 0 0 0
273 11666.67 1325.50 100.000000 44.7819 0.161086 3.61437 0.3623 0 7.82878 39.4862 3.46335 0.302036 0 0 0
274 11666.67 1324.50 100.000000 44.7819 0.161086 3.61437 0.3623 0 7.82878 39.4862 3.46335 0.302036 0 0 0
275 11666.67 1323.50 100.000000 44.7819 0.161086 3.61437 0.3623 0 7.82878 39.4862 3.46335 0.302036 0 0 0
276 11666.67 1324.32 100.000000 44.7819 0.161086 3.61437 0.3623 0 7.82878 39.4862 3.46335 0.302036 0 0 0
277 11333.33 1324.32 100.000000 44.7819 0.161086 3.61437 0.3623 0 7.82878 39.4862 3.46335 0.302036 0 0 0
278 11333.33 1323.32 100.000000 44.7819 0.161086 3.61437 0.3623 0 7.82878 39.4862 3.46335 0.302036 0 0 0
279 11333.33 1322.32 100.000000 44.7819 0.161086 3.61437 0.3623 0 7.82878 39.4862 3.46335 0.302036 0 0 0
280 11333.33 1321.32 100.000000 44.7819 0.161086 3.61437 0.3623 0 7.82878 39.4862 3.46335 0.302036 0 0 0
281 11333.33 1321.99 100.000000 44.7819 0.161086 3.61437 0.3623 0 7.82878 39.4862 3.46335 0.302036 0 0 0
282 11000.00 1321.99 100.000000 44.7819 0.161086 3.61437 0.3623 0 7.82878 39.4862 3.46335 0.302036 0 0 0
283 11000.00 1320.99 100.000000 44.7819 0.161086 3.61437 0.3623 0 7.82878 39.4862 3.46335 0.302036 0 0 0
284 11000.00 1319.99 100.000000 44.7819 0.161086 3.61437 0.3623 0 7.82878 39.4862 3.46335 0.302036 0 0 0
285 11000.00 1318.99 100.000000 44.7819 0.161086 3.61437 0.3623 0 7.82878 39.4862 3.46335 0.302036 0 0 0
286 11000.00 1319.50 100.000000 44.7819 0.161086 3.61437 0.3623 0 7.82878 39.4862 3.46335 0.302036 0 0 0
287 10666.67 1319.50 100.000000 44.7819 0.161086 3.61437 0.3623 0 7.82878 39.4862 3.46335 0.302036 0 0 0
288 10666.67 1318.50 100.000000 44.7819 0.161086 3.61437 0.3623 0 7.82878 39.4862 3.46335 0.302036 0 0 0
289 10666.67 1317.50 100.000000 44.7819 0.161086 3.61437 0.3623 0 7.82878 39.4862 3.46335 0.302036 0 0 0
290 10666.67 1316.50 100.000000 44.7819 0.161086 3.61437 0.3623 0 7.82878 39.4862 3.46335 0.302036 0 0 0
291 10666.67 1316.82 100.000000 44.7819 0.161086 3.61437 0.3623 0 7.82878 39.4862 3.46335 0.302036 0 0 0
292 10333.33 1316.82 100.000000 44.7819 0.161086 3.61437 0.3623 0 7.82878 39.4862 3.46335 0.302036 0 0 0
293 10333.33 1315.82 100.000000 44.7819 0.161086 3.61437 0.3623 0 7.82878 39.4862 3.46335 0.302036 0 0 0
294 10333.33 1314.82 100.000000 44.7819 0.161086 3.61437 0.3623 0 7.82878 39.4862 3.46335 0.302036 0 0 0
295 10333.33 1313.82 100.000000 44.7819 0.161086 3.61437 0.3623 0 7.82878 39.4862 3.46335 0.302036 0 0 0
296 10333.33 1313.95 100.000000 44.7819 0.161086 3.61437 0.3623 0 7.82878 39.4862 3.46335 0.302036 0 0 0
297 10000.00 1313.95 100.000000 44.7819 0.161086 3.61437 0.3623 0 7.82878 39.4862 3.46335 0.302036 0 0 0
298 10000.00 1312.95 100.000000 44.7819 0.161086 3.61437 0.3623 0 7.82878 39.4862 3.46335 0.302036 0 0 0
299 10000.00 1311.95 100.000000 44.7819 0.161086 3.61437 0.3623 0 7.82878 39.4862 3.46335 0.302036 0 0 0
300 10000.00 1310.95 100.000000 44.7819 0.161086 3.61437 0.3623 0 7.82878 39.4862 3.46335 0.302036 0 0 0
301 10000.00 1310.85 100.000000 44.7819 0.161086 3.61437 0.3623 0 7.82878 39.4862 3.46335 0.302036 0 0 0
302 9666.67 1310.85 100.000000 44.7819 0.161086 3.61437 0.3623 0 7.82878 39.4862 3.46335 0.302036 0 0 0
303 9666.67 1309.85 100.000000 44.7819 0.161086 3.61437 0.3623 0 7.82878 39.4862 3.46335 0.302036 0 0 0
304 9666.67 1308.85 100.000000 44.7819 0.161086 3.61437 0.3623 0 7.82878 39.4862 3.46335 0.302036 0 0 0
305 9666.67 1307.85 100.000000 44.7819 0.161086 3.61437 0.3623 0 7.82878 39.4862 3.46335 0.302036 0 0 0
306 9666.67 1307.52 100.000000 44.7819 0.161086 3.61437 0.3623 0 7.82878 39.4862 3.46335 0.302036 0 0 0
307 9333.33 1307.52 100.000000 44.7819 0.161086 3.61437 0.3623 0 7.82878 39.4862 3.46335 0.302036 0 0 0
308 9333.33 1306.52 100.000000 44.7819 0.161086 3.61437 0.3623 0 7.82878 39.4862 3.46335 0.302036 0 0 0
309 9333.33 1305.52 100.000000 44.7819 0.161086 3.61437 0.3623 0 7.82878 39.4862 3.46335 0.302036 0 0 0
310 9333.33 1304.52 100.000000 44.7819 0.161086 3.61437 0.3623 0 7.82878 39.4862 3.46335 0.302036 0 0 0
311 9333.33 1303.93 100.000000 44.7819 0.161086 3.61437 0.3623 0 7.82878 39.4862 3.46335 0.302036 0 0 0
312 9000.00 1303.93 100.000000 44.7819 0.161086 3.61437 0.3623 0 7.82878 39.4862 3.46335 0.302036 0 0 0
313 9000.00 1302.93 100.000000 44.7819 0.161086 3.61437 0.3623 0 7.82878 39.4862 3.46335 0.302036 0 0 0
314 9000.00 1301.93 100.000000 44.7819 0.161086 3.61437 0.3623 0 7.82878 39.4862 3.46335 0.302036 0 0 0
315 9000.00 1300.93 100.000000 44.7819 0.161086 3.61437 0.3623 0 7.82878 39.4862 3.46335 0.302036 0 0 0
316 9000.00 1299.97 100.000000 44.7819 0.161086 3.61437 0.3623 0 7.82878 39.4862 3.46335 0.302036 0 0 0
317 8666.67 1299.97 100.000000 44.7819 0.161086 3.61437 0.3623 0 7.82878 39.4862 3.46335 0.302036 0 0 0
318 8666.67 1298.97 100.000000 44.7819 0.161086 3.61437 0.3623 0 7.82878 39.4862 3.46335 0.302036 0 0 0
319 8666.67 1297.97 100.000000 44.7819 0.161086 3.61437 0.3623 0 7.82878 39.4862 3.46335 0.302036 0 0 0
320 8666.67 1296.97 100.000000 44.7819 0.161086 3.61437 0.3623 0 7.82878 39.4862 3.46335 0.302036 0 0 0
321 8666.67 1295.66 100.000000 44.7819 0.161086 3.61437 0.3623 0 7.82878 39.4862 3.46335 0.302036 0 0 0
322 8666.67 1299.97 100.000000 44.7819 0.161086 3.61437 0.3623 0 7.82878 39.4862 3.46335 0.302036 0 0 0
323 8666.67 1299.54 100.000000 44.7819 0.161086 3.61437 0.3623 0 7.82878 39.4862 3.46335 0.302036 0 0 0
324 8666.67 1299.11 100.000000 44.7819 0.161086 3.61437 0.3623 0 7.82878 39.4862 3.46335 0.302036 0 0 0
325 8666.67 1298.68 100.000000 44.7819 0.161086 3.61437 0.3623 0 7.82878 39.4862 3.46335 0.302036 0 0 0
326 8666.67 1298.26 100.000000 44.7819 0.161086 3.61437 0.3623 0 7.82878 39.4862 3.46335 0.302036 0 0 0
327 8666.67 1297.83 100.000000 44.7819 0.161086 3.61437 0.3623 0 7.82878 39.4862 3.46335 0.302036 0 0 0
328 8666.67 1297.40 100.000000 44.7819 0.161086 3.61437 0.3623 0 7.82878 39.4862 3.46335 0.302036 0 0 0
329 8666.67 1296.97 100.000000 44.7819 0.161086 3.61437 0.3623 0 7.82878 39.4862 3.46335 0.302036 0 0 0
330 8666.67 1295.66 100.000000 44.7819 0.161086 3.61437 0.3623 0 7.82878 39.4862 3.46335 0.302036 0 0 0
331 8666.67 1299.97 100.000000 44.7819 0.161086 3.61437 0.3623 0 7.82878 39.4862 3.46335 0.302036 0 0 0
332 8666.67 1299.77 100.000000 44.7819 0.161086 3.61437 0.3623 0 7.82878 39.4862 3.46335 0.302036 0 0 0
333 8666.67 1299.57 100.000000 44.7819 0.161086 3.61437 0.3623 0 7.82878 39.4862 3.46335 0.302036 0 0 0
334 8666.67 1299.37 100.000000 44.7819 0.161086 3.61437 0.3623 0 7.82878 39.4862 3.46335 0.302036 0 0 0
335 8666.67 1299.17 100.000000 44.7819 0.161086 3.61437 0.3623 0 7.82878 39.4862 3.46335 0.302036 0 0 0
336 8666.67 1298.97 100.000000 44.7819 0.161086 3.61437 0.3623 0 7.82878 39.4862 3.46335 0.302036 0 0 0
337 8666.67 1298.77 100.000000 44.7819 0.161086 3.61437 0.3623 0 7.82878 39.4862 3.46335 0.302036 0 0 0
338 8666.67 1298.57 100.000000 44.7819 0.161086 3.61437 0.3623 0 7.82878 39.4862 3.46335 0.302036 0 0 0
339 8666.67 1298.37 100.000000 44.7819 0.161086 3.61437 0.3623 0 7.82878 39.4862 3.46335 0.302036 0 0 0
340 8666.67 1298.17 100.000000 44.7819 0.161086 3.61437 0.3623 0 7.82878 39.4862 3.46335 0.302036 0 0 0
341 8666.67 1297.97 100.000000 44.7819 0.161086 3.61437 0.3623 0 7.82878 39.4862 3.46335 0.302036 0 0 0
342 8666.67 1297.77 100.000000 44.7819 0.161086 3.61437 0.3623 0 7.82878 39.4862 3.46335 0.302036 0 0 0
343 8666.67 1297.57 100.000000 44.7819 0.161086 3.61437 0.3623 0 7.82878 39.4862 3.46335 0.302036 0 0 0
344 8666.67 1297.37 100.000000 44.7819 0.161086 3.61437 0.3623 0 7.82878 39.4862 3.46335 0.302036 0 0 0
345 8666.67 1297.17 100.000000 44.7819 0.161086 3.61437 0.3623 0 7.82878 39.4862 3.46335 0.302036 0 0 0
346 8666.67 1296.97 100.000000 44.7819 0.161086 3.61437 0.3623 0 7.82878 39.4862 3.46335 0.302036 0 0 0
347 8666.67 1295.66 100.000000 44.7819 0.161086 3.61437 0.3623 0 7.82878 39.4862 3.46335 0.302036 0 0 0
348 8666.67 1299.97 100.000000 44.7819 0.161086 3.61437 0.3623 0 7.82878 39.4862 3.46335 0.302036 0 0 0
349 8666.67 1299.87 100.000000 44.7819 0.161086 3.61437 0.3623 0 7.82878 39.4862 3.46335 0.302036 0 0 0
350 8666.67 1299.78 100.000000 44.7819 0.161086 3.61437 0.3623 0 7.82878 39.4862 3.46335 0.302036 0 0 0
351 8666.67 1299.68 100.000000 44.7819 0.161086 3.61437 0.3623 0 7.82878 39.4862 3.46335 0.302036 0 0 0
352 8666.67 1299.58 100.000000 44.7819 0.161086 3.61437 0.3623 0 7.82878 39.4862 3.46335 0.302036 0 0 0
353 8666.67 1299.49 100.000000 44.7819 0.161086 3.61437 0.3623 0 7.82878 39.4862 3.46335 0.302036 0 0 0
354 8666.67 1299.39 100.000000 44.7819 0.161086 3.61437 0.3623 0 7.82878 39.4862 3.46335 0.302036 0 0 0
355 8666.67 1299.29 100.000000 44.7819 0.161086 3.61437 0.3623 0 7.82878 39.4862 3.46335 0.302036 0 0 0
356 8666.67 1299.20 100.000000 44.7819 0.161086 3.61437 0.3623 0 7.82878 39.4862 3.46335 0.302036 0 0 0
357 8666.67 1299.10 100.000000 44.7819 0.161086 3.61437 0.3623 0 7.82878 39.4862 3.46335 0.302036 0 0 0
358 8666.67 1299.00 100.000000 44.7819 0.161086 3.61437 0.3623 0 7.82878 39.4862 3.46335 0.302036 0 0 0
359 8666.67 1298.91 100.000000 44.7819 0.161086 3.61437 0.3623 0 7.82878 39.4862 3.46335 0.302036 0 0 0
360 8666.67 1298.81 100.000000 44.7819 0.161086 3.61437 0.3623 0 7.82878 39.4862 3.46335 0.302036 0 0 0
361 8666.67 1298.71 100.000000 44.7819 0.161086 3.61437 0.3623 0 7.82878 39.4862 3.46335 0.302036 0 0 0
362 8666.67 1298.62 100.000000 44.7819 0.161086 3.61437 0.3623 0 7.82878 39.4862 3.46335 0.302036 0 0 0
363 8666.67 1298.52 100.000000 44.7819 0.161086 3.61437 0.3623 0 7.82878 39.4862 3.46335 0.302036 0 0 0
364 8666.67 1298.42 100.000000 44.7819 0.161086 3.61437 0.3623 0 7.82878 39.4862 3.46335 0.302036 0 0 0
365 8666.67 1298.33 100.000000 44.7819 0.161086 3.61437 0.3623 0 7.82878 39.4862 3.46335 0.302036 0 0 0
366 8666.67 1298.23 100.000000 44.7819 0.161086 3.61437 0.3623 0 7.82878 39.4862 3.46335 0.302036 0 0 0
367 8666.67 1298.13 100.000000 44.7819 0.161086 3.61437 0.3623 0 7.82878 39.4862 3.46335 0.302036 0 0 0
368 8666.67 1298.04 100.000000 44.7819 0.161086 3.61437 0.3623 0 7.82878 39.4862 3.46335 0.302036 0 0 0
369 8666.67 1297.94 100.000000 44.7819 0.161086 3.61437 0.3623 0 7.82878 39.4862 3.46335 0.302036 0 0 0
370 8666.67 1297.84 100.000000 44.7819 0.161086 3.61437 0.3623 0 7.82878 39.4862 3.46335 0.302036 0 0 0
371 8666.67 1297.74 100.000000 44.7819 0.161086 3.61437 0.3623 0 7.82878 39.4862 3.46335 0.302036 0 0 0
372 8666.67 1297.65 100.000000 44.7819 0.161086 3.61437 0.3623 0 7.82878 39.4862 3.46335 0.302036 0 0 0
373 8666.67 1297.55 100.000000 44.7819 0.161086 3.61437 0.3623 0 7.82878 39.4862 3.46335 0.302036 0 0 0
374 8666.67 1297.45 100.000000 44.7819 0.161086 3.61437 0.3623 0 7.82878 39.4862 3.46335 0.302036 0 0 0
375 8666.67 1297.36 100.000000 44.7819 0.161086 3.61437 0.3623 0 7.82878 39.4862 3.46335 0.302036 0 0 0
376 8666.67 1297.26 100.000000 44.7819 0.161086 3.61437 0.3623 0 7.82878 39.4862 3.46335 0.302036 0 0 0
377 8666.67 1297.16 100.000000 44.7819 0.161086 3.61437 0.3623 0 7.82878 39.4862 3.46335 0.302036 0 0 0
378 8666.67 1297.07 100.000000 44.7819 0.161086 3.61437 0.3623 0 7.82878 39.4862 3.46335 0.302036 0 0 0
379 8666.67 1296.97 100.000000 44.7819 0.161086 3.61437 0.3623 0 7.82878 39.4862 3.46335 0.302036 0 0 0
380 8666.67 1295.66 100.000000 44.7819 0.161086 3.61437 0.3623 0 7.82878 39.4862 3.46335 0.302036 0 0 0
381 8333.33 1295.66 100.000000 44.7819 0.161086 3.61437 0.3623 0 7.82878 39.4862 3.46335 0.302036 0 0 0
382 8333.33 1294.66 100.000000 44.7819 0.161086 3.61437 0.3623 0 7.82878 39.4862 3.46335 0.302036 0 0 0
383 8333.33 1293.66 100.000000 44.7819 0.161086 3.61437 0.3623 0 7.82878 39.4862 3.46335 0.302036 0 0 0
384 8333.33 1292.66 100.000000 44.7819 0.161086 3.61437 0.3623 0 7.82878 39.4862 3.46335 0.302036 0 0 0
385 8333.33 1292.57 100.000000 44.7819 0.161086 3.61437 0.3623 0 7.82878 39.4862 3.46335 0.302036 0 0 0
386 8000.00 1292.57 100.000000 44.7819 0.161086 3.61437 0.3623 0 7.82878 39.4862 3.46335 0.302036 0 0 0
387 8000.00 1291.57 100.000000 44.7819 0.161086 3.61437 0.3623 0 7.82878 39.4862 3.46335 0.302036 0 0 0
388 8000.00 1290.57 100.000000 44.7819 0.161086 3.61437 0.3623 0 7.82878 39.4862 3.46335 0.302036 0 0 0
389 8000.00 1289.57 100.000000 44.7819 0.161086 3.61437 0.3623 0 7.82878 39.4862 3.46335 0.302036 0 0 0
390 8000.00 1289.46 100.000000 44.7819 0.161086 3.61437 0.3623 0 7.82878 39.4862 3.46335 0.302036 0 0 0
391 7666.67 1289.46 100.000000 44.7819 0.161086 3.61437 0.3623 0 7.82878 39.4862 3.46335 0.302036 0 0 0
392 7666.67 1288.46 100.000000 44.7819 0.161086 3.61437 0.3623 0 7.82878 39.4862 3.46335 0.302036 0 0 0
393 7666.67 1287.46 100.000000 44.7819 0.161086 3.61437 0.3623 0 7.82878 39.4862 3.46335 0.302036 0 0 0
394 7666.67 1286.46 100.000000 44.7819 0.161086 3.61437 0.3623 0 7.82878 39.4862 3.46335 0.302036 0 0 0
395 7666.67 1286.33 100.000000 44.7819 0.161086 3.61437 0.3623 0 7.82878 39.4862 3.46335 0.302036 0 0 0
396 7333.33 1286.33 100.000000 44.7819 0.161086 3.61437 0.3623 0 7.82878 39.4862 3.46335 0.302036 0 0 0
397 7333.33 1285.33 100.000000 44.7819 0.161086 3.61437 0.3623 0 7.82878 39.4862 3.46335 0.302036 0 0 0
398 7333.33 1284.33 100.000000 44.7819 0.161086 3.61437 0.3623 0 7.82878 39.4862 3.46335 0.302036 0 0 0
399 7333.33 1283.33 100.000000 44.7819 0.161086 3.61437 0.3623 0 7.82878 39.4862 3.46335 0.302036 0 0 0
400 7333.33 1283.20 100.000000 44.7819 0.161086 3.61437 0.3623 0 7.82878 39.4862 3.46335 0.302036 0 0 0
401 7000.00 1283.20 100.000000 44.7819 0.161086 3.61437 0.3623 0 7.82878 39.4862 3.46335 0.302036 0 0 0
402 7000.00 1282.20 100.000000 44.7819 0.161086 3.61437 0.3623 0 7.82878 39.4862 3.46335 0.302036 0 0 0
403 7000.00 1281.20 100.000000 44.7819 0.161086 3.61437 0.3623 0 7.82878 39.4862 3.46335 0.302036 0 0 0
404 7000.00 1280.20 100.000000 44.7819 0.161086 3.61437 0.3623 0 7.82878 39.4862 3.46335 0.302036 0 0 0
405 7000.00 1280.08 100.000000 44.7819 0.161086 3.61437 0.3623 0 7.82878 39.4862 3.46335 0.302036 0 0 0
406 6666.67 1280.08 100.000000 44.7819 0.161086 3.61437 0.3623 0 7.82878 39.4862 3.46335 0.302036 0 0 0
407 6666.67 1279.08 100.000000 44.7819 0.161086 3.61437 0.3623 0 7.82878 39.4862 3.46335 0.302036 0 0 0
408 6666.67 1278.08 100.000000 44.7819 0.161086 3.61437 0.3623 0 7.82878 39.4862 3.46335 0.302036 0 0 0
409 6666.67 1277.08 100.000000 44.7819 0.161086 3.61437 0.3623 0 7.82878 39.4862 3.46335 0.302036 0 0 0
410 6666.67 1276.98 100.000000 44.7819 0.161086 3.61437 0.3623 0 7.82878 39.4862 3.46335 0.302036 0 0 0
411 6333.33 1276.98 100.000000 44.7819 0.161086 3.61437 0.3623 0 7.82878 39.4862 3.46335 0.302036 0 0 0
412 6333.33 1275.98 100.000000 44.7819 0.161086 3.61437 0.3623 0 7.82878 39.4862 3.46335 0.302036 0 0 0
413 6333.33 1274.98 100.000000 44.7819 0.161086 3.61437 0.3623 0 7.82878 39.4862 3.46335 0.302036 0 0 0
414 6333.33 1273.98 100.000000 44.7819 0.161086 3.61437 0.3623 0 7.82878 39.4862 3.46335 0.302036 0 0 0
415 6333.33 1273.90 100.000000 44.7819 0.161086 3.61437 0.3623 0 7.82878 39.4862 3.46335 0.302036 0 0 0
416 6000.00 1273.90 100.000000 44.7819 0.161086 3.61437 0.3623 0 7.82878 39.4862 3.46335 0.302036 0 0 0
417 6000.00 1272.90 100.000000 44.7819 0.161086 3.61437 0.3623 0 7.82878 39.4862 3.46335 0.302036 0 0 0
418 6000.00 1271.90 100.000000 44.7819 0.161086 3.61437 0.3623 0 7.82878 39.4862 3.46335 0.302036 0 0 0
419 6000.00 1270.90 100.000000 44.7819 0.161086 3.61437 0.3623 0 7.82878 39.4862 3.46335 0.302036 0 0 0
420 6000.00 1270.84 100.000000 44.7819 0.161086 3.61437 0.3623 0 7.82878 39.4862 3.46335 0.302036 0 0 0
421 5666.67 1270.84 100.000000 44.7819 0.161086 3.61437 0.3623 0 7.82878 39.4862 3.46335 0.302036 0 0 0
422 5666.67 1269.84 100.000000 44.7819 0.161086 3.61437 0.3623 0 7.82878 39.4862 3.46335 0.302036 0 0 0
423 5666.67 1268.84 100.000000 44.7819 0.161086 3.61437 0.3623 0 7.82878 39.4862 3.46335 0.302036 0 0 0
424 5666.67 1267.84 100.000000 44.7819 0.161086 3.61437 0.3623 0 7.82878 39.4862 3.46335 0.302036 0 0 0
425 5666.67 1267.82 100.000000 44.7819 0.161086 3.61437 0.3623 0 7.82878 39.4862 3.46335 0.302036 0 0 0
426 5333.33 1267.82 100.000000 44.7819 0.161086 3.61437 0.3623 0 7.82878 39.4862 3.46335 0.302036 0 0 0
427 5333.33 1266.82 100.000000 44.7819 0.161086 3.61437 0.3623 0 7.82878 39.4862 3.46335 0.302036 0 0 0
428 5333.33 1265.82 100.000000 44.7819 0.161086 3.61437 0.3623 0 7.82878 39.4862 3.46335 0.302036 0 0 0
429 5333.33 1264.82 100.000000 44.7819 0.161086 3.61437 0.3623 0 7.82878 39.4862 3.46335 0.302036 0 0 0
430 5333.33 1264.82 100.000000 44.7819 0.161086 3.61437 0.3623 0 7.82878 39.4862 3.46335 0.302036 0 0 0
431 5000.00 1264.82 100.000000 44.7819 0.161086 3.61437 0.3623 0 7.82878 39.4862 3.46335 0.302036 0 0 0
432 5000.00 1263.82 100.000000 44.7819 0.161086 3.61437 0.3623 0 7.82878 39.4862 3.46335 0.302036 0 0 0
433 5000.00 1262.82 100.000000 44.7819 0.161086 3.61437 0.3623 0 7.82878 39.4862 3.46335 0.302036 0 0 0
434 5000.00 1261.82 100.000000 44.7819 0.161086 3.61437 0.3623 0 7.82878 39.4862 3.46335 0.302036 0 0 0
435 5000.00 1261.85 100.000000 44.7819 0.161086 3.61437 0.3623 0 7.82878 39.4862 3.46335 0.302036 0 0 0
436 4666.67 1261.85 100.000000 44.7819 0.161086 3.61437 0.3623 0 7.82878 39.4862 3.46335 0.302036 0 0 0
437 4666.67 1260.85 100.000000 44.7819 0.161086 3.61437 0.3623 0 7.82878 39.4862 3.46335 0.302036 0 0 0
438 4666.67 1259.85 100.000000 44.7819 0.161086 3.61437 0.3623 0 7.82878 39.4862 3.46335 0.302036 0 0 0
439 4666.67 1258.85 100.000000 44.7819 0.161086 3.61437 0.3623 0 7.82878 39.4862 3.46335 0.302036 0 0 0
440 4666.67 1258.89 100.000000 44.7819 0.161086 3.61437 0.3623 0 7.82878 39.4862 3.46335 0.302036 0 0 0
441 4333.33 1258.89 100.000000 44.7819 0.161086 3.61437 0.3623 0 7.82878 39.4862 3.46335 0.302036 0 0 0
442 4333.33 1257.89 100.000000 44.7819 0.161086 3.61437 0.3623 0 7.82878 39.4862 3.46335 0.302036 0 0 0
443 4333.33 1256.89 100.000000 44.7819 0.161086 3.61437 0.3623 0 7.82878 39.4862 3.46335 0.302036 0 0 0
444 4333.33 1255.89 100.000000 44.7819 0.161086 3.61437 0.3623 0 7.82878 39.4862 3.46335 0.302036 0 0 0
445 4333.33 1255.94 100.000000 44.7819 0.161086 3.61437 0.3623 0 7.82878 39.4862 3.46335 0.302036 0 0 0
446 4000.00 1255.94 100.000000 44.7819 0.161086 3.61437 0.3623 0 7.82878 39.4862 3.46335 0.302036 0 0 0
447 4000.00 1254.94 100.000000 44.7819 0.161086 3.61437 0.3623 0 7.82878 39.4862 3.46335 0.302036 0 0 0
448 4000.00 1253.94 100.000000 44.7819 0.161086 3.61437 0.3623 0 7.82878 39.4862 3.46335 0.302036 0 0 0
449 4000.00 1252.94 100.000000 44.7819 0.161086 3.61437 0.3623 0 7.82878 39.4862 3.46335 0.302036 0 0 0
450 4000.00 1252.99 100.000000 44.7819 0.161086 3.61437 0.3623 0 7.82878 39.4862 3.46335 0.302036 0 0 0
451 3666.67 1252.99 100.000000 44.7819 0.161086 3.61437 0.3623 0 7.82878 39.4862 3.46335 0.302036 0 0 0
452 3666.67 1251.99 100.000000 44.7819 0.161086 3.61437 0.3623 0 7.82878 39.4862 3.46335 0.302036 0 0 0
453 3666.67 1250.99 100.000000 44.7819 0.161086 3.61437 0.3623 0 7.82878 39.4862 3.46335 0.302036 0 0 0
454 3666.67 1249.99 100.000000 44.7819 0.161086 3.61437 0.3623 0 7.82878 39.4862 3.46335 0.302036 0 0 0
455 3666.67 1250.03 100.000000 44.7819 0.161086 3.61437 0.3623 0 7.82878 39.4862 3.46335 0.302036 0 0 0
456 3333.33 1250.03 100.000000 44.7819 0.161086 3.61437 0.3623 0 7.82878 39.4862 3.46335 0.302036 0 0 0
457 3333.33 1249.03 100.000000 44.7819 0.161086 3.61437 0.3623 0 7.82878 39.4862 3.46335 0.302036 0 0 0
458 3333.33 1248.03 100.000000 44.7819 0.161086 3.61437 0.3623 0 7.82878 39.4862 3.46335 0.302036 0 0 0
459 3333.33 1247.03 100.000000 44.7819 0.161086 3.61437 0.3623 0 7.82878 39.4862 3.46335 0.302036 0 0 0
460 3333.33 1247.06 100.000000 44.7819 0.161086 3.61437 0.3623 0 7.82878 39.4862 3.46335 0.302036 0 0 0
461 3000.00 1247.06 100.000000 44.7819 0.161086 3.61437 0.3623 0 7.82878 39.4862 3.46335 0.302036 0 0 0
462 3000.00 1246.06 100.000000 44.7819 0.161086 3.61437 0.3623 0 7.82878 39.4862 3.46335 0.302036 0 0 0
463 3000.00 1245.06 100.000000 44.7819 0.161086 3.61437 0.3623 0 7.82878 39.4862 3.46335 0.302036 0 0 0
464 3000.00 1244.06 100.000000 44.7819 0.161086 3.61437 0.3623 0 7.82878 39.4862 3.46335 0.302036 0 0 0
465 3000.00 1244.87 100.000000 44.7819 0.161086 3.61437 0.3623 0 7.82878 39.4862 3.46335 0.302036 0 0 0
466 2666.67 1244.87 100.000000 44.7819 0.161086 3.61437 0.3623 0 7.82878 39.4862 3.46335 0.302036 0 0 0
467 2666.67 1243.87 100.000000 44.7819 0.161086 3.61437 0.3623 0 7.82878 39.4862 3.46335 0.302036 0 0 0
468 2666.67 1242.87 100.000000 44.7819 0.161086 3.61437 0.3623 0 7.82878 39.4862 3.46335 0.302036 0 0 0
469 2666.67 1241.87 100.000000 44.7819 0.161086 3.61437 0.3623 0 7.82878 39.4862 3.46335 0.302036 0 0 0
470 2666.67 1244.06 100.000000 44.7819 0.161086 3.61437 0.3623 0 7.82878 39.4862 3.46335 0.302036 0 0 0
471 2333.33 1244.06 100.000000 44.7819 0.161086 3.61437 0.3623 0 7.82878 39.4862 3.46335 0.302036 0 0 0
472 2333.33 1243.06 100.000000 44.7819 0.161086 3.61437 0.3623 0 7.82878 39.4862 3.46335 0.302036 0 0 0
473 2333.33 1242.06 100.000000 44.7819 0.161086 3.61437 0.3623 0 7.82878 39.4862 3.46335 0.302036 0 0 0
474 2333.33 1241.06 100.000000 44.7819 0.161086 3.61437 0.3623 0 7.82878 39.4862 3.46335 0.302036 0 0 0
475 2333.33 1243.25 100.000000 44.7819 0.161086 3.61437 0.3623 0 7.82878 39.4862 3.46335 0.302036 0 0 0
476 2000.00 1243.25 100.000000 44.7819 0.161086 3.61437 0.3623 0 7.82878 39.4862 3.46335 0.302036 0 0 0
477 2000.00 1242.25 100.000000 44.7819 0.161086 3.61437 0.3623 0 7.82878 39.4862 3.46335 0.302036 0 0 0
478 2000.00 1241.25 100.000000 44.7819 0.161086 3.61437 0.3623 0 7.82878 39.4862 3.46335 0.302036 0 0 0
479 2000.00 1240.25 100.000000 44.7819 0.161086 3.61437 0.3623 0 7.82878 39.4862 3.46335 0.302036 0 0 0
480 2000.00 1242.44 100.000000 44.7819 0.161086 3.61437 0.3623 0 7.82878 39.4862 3.46335 0.302036 0 0 0