Liquid Composition:
index Pressure Temperature mass SiO2 TiO2 Al2O3 Fe2O3 Cr2O3 FeO MgO CaO Na2O K2O P2O5 H2O 
1 30000.00 1379.00 0.000000 ---
2 29666.67 1379.00 0.000000 ---
3 29666.67 1378.00 0.000000 ---
4 29666.67 1377.00 0.000000 ---
5 29666.67 1376.00 0.000000 ---
6 29666.67 1378.27 0.000000 ---
7 29333.33 1378.27 0.000000 ---
8 29333.33 1377.27 0.000000 ---
9 29333.33 1376.27 0.000000 ---
10 29333.33 1375.27 0.000000 ---
11 29333.33 1377.54 0.000000 ---
12 29000.00 1377.54 0.000000 ---
13 29000.00 1376.54 0.000000 ---
14 29000.00 1375.54 0.000000 ---
15 29000.00 1374.54 0.000000 ---
16 29000.00 1376.81 0.000000 ---
17 28666.67 1376.81 0.000000 ---
18 28666.67 1375.81 0.000000 ---
19 28666.67 1374.81 0.000000 ---
20 28666.67 1373.81 0.000000 ---
21 28666.67 1376.08 0.000000 ---
22 28333.33 1376.08 0.000000 ---
23 28333.33 1375.08 0.000000 ---
24 28333.33 1374.08 0.000000 ---
25 28333.33 1373.08 0.000000 ---
26 28333.33 1375.34 0.000000 ---
27 28000.00 1375.34 0.000000 ---
28 28000.00 1374.34 0.000000 ---
29 28000.00 1373.34 0.000000 ---
30 28000.00 1372.34 0.000000 ---
31 28000.00 1374.61 0.000000 ---
32 27666.67 1374.61 0.000000 ---
33 27666.67 1373.61 0.000000 ---
34 27666.67 1372.61 0.000000 ---
35 27666.67 1371.61 0.000000 ---
36 27666.67 1373.87 0.000000 ---
37 27333.33 1373.87 0.000000 ---
38 27333.33 1372.87 0.000000 ---
39 27333.33 1371.87 0.000000 ---
40 27333.33 1370.87 0.000000 ---
41 27333.33 1373.13 0.000000 ---
42 27000.00 1373.13 0.000000 ---
43 27000.00 1372.13 0.000000 ---
44 27000.00 1371.13 0.000000 ---
45 27000.00 1370.13 0.000000 ---
46 27000.00 1372.39 0.000000 ---
47 26666.67 1372.39 0.000000 ---
48 26666.67 1371.39 0.000000 ---
49 26666.67 1370.39 0.000000 ---
50 26666.67 1369.39 0.000000 ---
51 26666.67 1371.65 0.000000 ---
52 26333.33 1371.65 0.000000 ---
53 26333.33 1370.65 0.000000 ---
54 26333.33 1369.65 0.000000 ---
55 26333.33 1368.65 0.000000 ---
56 26333.33 1370.91 0.000000 ---
57 26000.00 1370.91 0.000000 ---
58 26000.00 1369.91 0.000000 ---
59 26000.00 1368.91 0.000000 ---
60 26000.00 1367.91 0.000000 ---
61 26000.00 1370.17 0.000000 ---
62 25666.67 1370.17 0.000000 ---
63 25666.67 1369.17 0.000000 ---
64 25666.67 1368.17 0.000000 ---
65 25666.67 1367.17 0.000000 ---
66 25666.67 1369.42 0.000000 ---
67 25333.33 1369.42 0.000000 ---
68 25333.33 1368.42 0.000000 ---
69 25333.33 1367.42 0.000000 ---
70 25333.33 1366.42 0.000000 ---
71 25333.33 1368.68 0.000000 ---
72 25000.00 1368.68 0.000000 ---
73 25000.00 1367.68 0.000000 ---
74 25000.00 1366.68 0.000000 ---
75 25000.00 1365.68 0.000000 ---
76 25000.00 1367.93 0.000000 ---
77 24666.67 1367.93 0.000000 ---
78 24666.67 1366.93 0.000000 ---
79 24666.67 1365.93 0.000000 ---
80 24666.67 1364.93 0.000000 ---
81 24666.67 1367.18 0.000000 ---
82 24333.33 1367.18 0.000000 ---
83 24333.33 1366.18 0.000000 ---
84 24333.33 1365.18 0.000000 ---
85 24333.33 1364.18 0.000000 ---
86 24333.33 1366.42 0.000000 ---
87 24000.00 1366.42 0.000000 ---
88 24000.00 1365.42 0.000000 ---
89 24000.00 1364.42 0.000000 ---
90 24000.00 1363.42 0.000000 ---
91 24000.00 1365.67 0.000000 ---
92 23666.67 1365.67 0.000000 ---
93 23666.67 1364.67 0.000000 ---
94 23666.67 1363.67 0.000000 ---
95 23666.67 1362.67 0.000000 ---
96 23666.67 1364.91 0.000000 ---
97 23333.33 1364.91 0.000000 ---
98 23333.33 1363.91 0.000000 ---
99 23333.33 1362.91 0.000000 ---
100 23333.33 1361.91 0.000000 ---
101 23333.33 1364.15 0.000000 ---
102 23000.00 1364.15 0.000000 ---
103 23000.00 1363.15 0.000000 ---
104 23000.00 1362.15 0.000000 ---
105 23000.00 1361.15 0.000000 ---
106 23000.00 1363.39 0.000000 ---
107 22666.67 1363.39 0.000000 ---
108 22666.67 1362.39 0.000000 ---
109 22666.67 1361.39 0.000000 ---
110 22666.67 1360.39 0.000000 ---
111 22666.67 1362.62 0.000000 ---
112 22333.33 1362.62 0.000000 ---
113 22333.33 1361.62 0.000000 ---
114 22333.33 1360.62 0.000000 ---
115 22333.33 1359.62 0.000000 ---
116 22333.33 1361.86 0.000000 ---
117 22000.00 1361.86 0.000000 ---
118 22000.00 1360.86 0.000000 ---
119 22000.00 1359.86 0.000000 ---
120 22000.00 1358.86 0.000000 ---
121 22000.00 1361.09 0.000000 ---
122 21666.67 1361.09 0.000000 ---
123 21666.67 1360.09 0.000000 ---
124 21666.67 1359.09 0.000000 ---
125 21666.67 1358.09 0.000000 ---
126 21666.67 1360.32 0.000000 ---
127 21333.33 1360.32 0.000000 ---
128 21333.33 1359.32 0.000000 ---
129 21333.33 1358.32 0.000000 ---
130 21333.33 1357.32 0.000000 ---
131 21333.33 1359.54 0.000000 ---
132 21000.00 1359.54 0.000000 ---
133 21000.00 1358.54 0.000000 ---
134 21000.00 1357.54 0.000000 ---
135 21000.00 1356.54 0.000000 ---
136 21000.00 1358.76 0.000000 ---
137 20666.67 1358.76 0.000000 ---
138 20666.67 1357.76 0.000000 ---
139 20666.67 1356.76 0.000000 ---
140 20666.67 1355.76 0.000000 ---
141 20666.67 1357.98 0.000000 ---
142 20333.33 1357.98 0.000000 ---
143 20333.33 1356.98 0.000000 ---
144 20333.33 1355.98 0.000000 ---
145 20333.33 1354.98 0.000000 ---
146 20333.33 1357.19 0.000000 ---
147 20000.00 1357.19 0.000000 ---
148 20000.00 1356.19 0.000000 ---
149 20000.00 1355.19 0.000000 ---
150 20000.00 1354.19 0.000000 ---
151 20000.00 1356.41 0.000000 ---
152 19666.67 1356.41 0.000000 ---
153 19666.67 1355.41 0.000000 ---
154 19666.67 1354.41 0.000000 ---
155 19666.67 1353.41 0.000000 ---
156 19666.67 1355.61 0.000000 ---
157 19333.33 1355.61 0.000000 ---
158 19333.33 1354.61 0.000000 ---
159 19333.33 1353.61 0.000000 ---
160 19333.33 1352.61 0.000000 ---
161 19333.33 1354.82 0.000000 ---
162 19000.00 1354.82 0.000000 ---
163 19000.00 1353.82 0.000000 ---
164 19000.00 1352.82 0.000000 ---
165 19000.00 1351.82 0.000000 ---
166 19000.00 1354.02 0.000000 ---
167 18666.67 1354.02 0.000000 ---
168 18666.67 1353.02 0.000000 ---
169 18666.67 1352.02 0.000000 ---
170 18666.67 1351.02 0.000000 ---
171 18666.67 1353.21 0.000000 ---
172 18333.33 1353.21 0.000000 ---
173 18333.33 1352.21 0.000000 ---
174 18333.33 1351.21 0.000000 ---
175 18333.33 1350.21 0.000000 ---
176 18333.33 1352.40 0.000000 ---
177 18000.00 1352.40 0.000000 ---
178 18000.00 1351.40 0.000000 ---
179 18000.00 1350.40 0.000000 ---
180 18000.00 1349.40 0.000000 ---
181 18000.00 1351.59 0.000000 ---
182 17666.67 1351.59 0.000000 ---
183 17666.67 1350.59 0.000000 ---
184 17666.67 1349.59 0.000000 ---
185 17666.67 1348.59 0.000000 ---
186 17666.67 1350.42 0.000000 ---
187 17333.33 1350.42 0.000000 ---
188 17333.33 1349.42 0.000000 ---
189 17333.33 1348.42 0.000000 ---
190 17333.33 1347.42 0.000000 ---
191 17333.33 1348.56 0.000000 ---
192 17000.00 1348.56 0.000000 ---
193 17000.00 1347.56 0.000000 ---
194 17000.00 1346.56 0.000000 ---
195 17000.00 1345.56 0.000000 ---
196 17000.00 1347.42 0.000000 ---
197 16666.67 1347.42 0.000000 ---
198 16666.67 1346.42 0.000000 ---
199 16666.67 1345.42 0.000000 ---
200 16666.67 1344.42 0.000000 ---
201 16666.67 1346.75 0.000000 ---
202 16333.33 1346.75 0.000000 ---
203 16333.33 1345.75 0.000000 ---
204 16333.33 1344.75 0.000000 ---
205 16333.33 1343.75 0.000000 ---
206 16333.33 1346.07 0.000000 ---
207 16000.00 1346.07 0.000000 ---
208 16000.00 1345.07 0.000000 ---
209 16000.00 1344.07 0.000000 ---
210 16000.00 1343.07 0.000000 ---
211 16000.00 1345.39 0.000000 ---
212 15666.67 1345.39 0.110816 46.3105 0.870465 18.3929 0.847379 0 6.89174 12.5494 5.72191 8.41574 0 0 0
213 15666.67 1344.39 0.072878 46.3613 0.868305 18.4262 0.835267 0 6.85047 12.4821 5.66931 8.507 0 0 0
214 15666.67 1343.39 0.035733 46.4116 0.866147 18.4593 0.823338 0 6.80945 12.4152 5.61707 8.59795 0 0 0
215 15666.67 1342.39 0.000000 ---
216 15666.67 1344.42 0.074076 46.3597 0.868374 18.4252 0.83565 0 6.85178 12.4843 5.67098 8.50409 0 0 0
217 15333.33 1344.42 0.302727 46.4043 0.868658 18.3975 0.881888 0 6.88213 12.5656 5.92877 8.07117 0 0 0
218 15333.33 1343.42 0.261563 46.4573 0.866434 18.4312 0.86927 0 6.8405 12.498 5.87462 8.16269 0 0 0
219 15333.33 1342.42 0.221318 46.5097 0.864207 18.4648 0.856834 0 6.79912 12.4307 5.82082 8.25391 0 0 0
220 15333.33 1341.42 0.181954 46.5615 0.861981 18.498 0.844581 0 6.758 12.3637 5.76738 8.34484 0 0 0
221 15333.33 1343.07 0.247520 46.4755 0.865663 18.4429 0.864941 0 6.82614 12.4746 5.85594 8.19432 0 0 0
222 15000.00 1343.07 0.494594 46.5103 0.866349 18.4109 0.913815 0 6.85993 12.5602 6.12467 7.75397 0 0 0
223 15000.00 1342.07 0.450030 46.5652 0.864075 18.445 0.900749 0 6.81806 12.4923 6.06905 7.84559 0 0 0
224 15000.00 1341.07 0.406519 46.6195 0.861793 18.4789 0.887863 0 6.77642 12.4247 6.01379 7.93694 0 0 0
225 15000.00 1340.07 0.364015 46.6733 0.859506 18.5126 0.875158 0 6.73501 12.3575 5.95889 8.02802 0 0 0
226 15000.00 1341.69 0.433286 46.586 0.863204 18.458 0.895805 0 6.80212 12.4665 6.0479 7.88052 0 0 0
227 14666.67 1341.69 0.701732 46.6104 0.864254 18.4215 0.947425 0 6.83938 12.5562 6.32807 7.43276 0 0 0
228 14666.67 1340.69 0.653227 46.6672 0.861944 18.4561 0.933912 0 6.79729 12.4882 6.27096 7.52444 0 0 0
229 14666.67 1339.69 0.605932 46.7235 0.859622 18.4904 0.920575 0 6.75541 12.4204 6.21421 7.61587 0 0 0
230 14666.67 1338.69 0.559796 46.7793 0.857289 18.5245 0.907416 0 6.71376 12.3529 6.15781 7.70706 0 0 0
231 14666.67 1340.27 0.633087 46.6911 0.860964 18.4706 0.928252 0 6.77956 12.4595 6.24692 7.56313 0 0 0
232 14333.33 1340.27 0.926427 46.7045 0.862323 18.4297 0.982706 0 6.82025 12.5535 6.53904 7.10804 0 0 0
233 14333.33 1339.27 0.873341 46.7633 0.859999 18.4646 0.968758 0 6.77799 12.4853 6.48043 7.19971 0 0 0
234 14333.33 1338.27 0.821651 46.8215 0.857654 18.4992 0.954977 0 6.73593 12.4173 6.42216 7.29116 0 0 0
235 14333.33 1337.27 0.771297 46.8793 0.855291 18.5337 0.941368 0 6.69406 12.3496 6.36423 7.3824 0 0 0
236 14333.33 1338.80 0.848902 46.7907 0.8589 18.4809 0.962267 0 6.75822 12.4534 6.45303 7.24267 0 0 0
237 14000.00 1338.80 1.171358 46.7927 0.860494 18.4354 1.01961 0 6.80227 12.5515 6.75759 6.7804 0 0 0
238 14000.00 1337.80 1.112930 46.8533 0.858179 18.4707 1.00525 0 6.7599 12.4832 6.69745 6.87198 0 0 0
239 14000.00 1336.80 1.056118 46.9135 0.855834 18.5057 0.991039 0 6.7177 12.4152 6.63764 6.96338 0 0 0
240 14000.00 1335.80 1.000852 46.9732 0.853463 18.5405 0.976992 0 6.67567 12.3474 6.57818 7.05459 0 0 0
241 14000.00 1337.28 1.083019 46.8849 0.856956 18.489 0.997796 0 6.73781 12.4476 6.66613 6.91981 0 0 0
242 13666.67 1337.28 1.439660 46.8752 0.858686 18.4391 1.05803 0 6.78503 12.5498 6.98362 6.45056 0 0 0
243 13666.67 1336.28 1.374986 46.9376 0.85641 18.4746 1.04329 0 6.74264 12.4816 6.92195 6.54195 0 0 0
244 13666.67 1335.28 1.312189 46.9996 0.854092 18.5099 1.02869 0 6.70038 12.4135 6.8606 6.6332 0 0 0
245 13666.67 1334.28 1.251188 47.0612 0.851738 18.545 1.01423 0 6.65826 12.3456 6.79959 6.72431 0 0 0
246 13666.67 1335.69 1.338071 46.9739 0.85506 18.4952 1.03474 0 6.71793 12.4418 6.88606 6.59529 0 0 0
247 13333.33 1335.69 1.735011 46.9523 0.8568 18.4409 1.09782 0 6.76806 12.5478 7.21695 6.11937 0 0 0
248 13333.33 1334.69 1.663009 47.0164 0.854597 18.4766 1.08275 0 6.72576 12.4797 7.15374 6.21045 0 0 0
249 13333.33 1333.69 1.593198 47.0802 0.85234 18.5122 1.06779 0 6.68353 12.4117 7.09085 6.30145 0 0 0
250 13333.33 1332.69 1.525482 47.1435 0.850034 18.5476 1.05296 0 6.6414 12.3438 7.02828 6.39234 0 0 0
251 13333.33 1334.04 1.617082 47.0582 0.853126 18.4999 1.07295 0 6.69811 12.4352 7.11255 6.27001 0 0 0
252 13000.00 1334.04 2.061706 47.0247 0.854713 18.4413 1.13874 0 6.75074 12.5447 7.45725 5.78781 0 0 0
253 13000.00 1333.04 1.981085 47.0903 0.852626 18.4772 1.12341 0 6.70865 12.4768 7.39253 5.87846 0 0 0
254 13000.00 1332.04 1.903031 47.1556 0.850469 18.513 1.10816 0 6.66659 12.409 7.32811 5.96907 0 0 0
255 13000.00 1331.04 1.827431 47.2207 0.848248 18.5486 1.09302 0 6.62458 12.3413 7.26399 6.05963 0 0 0
256 13000.00 1332.30 1.923509 47.1383 0.851048 18.5035 1.1122 0 6.67775 12.427 7.34518 5.94502 0 0 0
257 12666.67 1332.30 2.424759 47.0933 0.852279 18.4409 1.18048 0 6.73234 12.5396 7.70409 5.45701 0 0 0
258 12666.67 1331.30 2.333973 47.1601 0.850357 18.4768 1.16498 0 6.69063 12.4721 7.63787 5.54707 0 0 0
259 12666.67 1330.30 2.246207 47.2268 0.848347 18.5127 1.14953 0 6.64889 12.4046 7.57193 5.63716 0 0 0
260 12666.67 1329.30 2.161325 47.2933 0.846255 18.5484 1.13415 0 6.60713 12.3372 7.50629 5.72724 0 0 0
261 12666.67 1330.48 2.261281 47.2152 0.848703 18.5064 1.15222 0 6.65616 12.4164 7.5834 5.62147 0 0 0
262 12333.33 1330.48 2.830001 47.1591 0.849329 18.4401 1.22265 0 6.71199 12.5317 7.95686 5.12823 0 0 0
263 12333.33 1329.48 2.727197 47.227 0.847629 18.476 1.2071 0 6.67085 12.4647 7.88918 5.21754 0 0 0
264 12333.33 1328.48 2.627960 47.2948 0.845821 18.5119 1.19156 0 6.62961 12.3976 7.82176 5.30694 0 0 0
265 12333.33 1327.48 2.532126 47.3625 0.843911 18.5476 1.17603 0 6.58828 12.3306 7.75461 5.39639 0 0 0
266 12333.33 1328.55 2.634828 47.29 0.845951 18.5093 1.19265 0 6.63251 12.4024 7.82649 5.30065 0 0 0
267 12000.00 1328.55 3.284195 47.2237 0.845672 18.4398 1.26479 0 6.68869 12.5197 8.21482 4.80285 0 0 0
268 12000.00 1327.55 3.167146 47.2923 0.84426 18.4755 1.24932 0 6.64836 12.4534 8.14571 4.89124 0 0 0
269 12000.00 1326.55 3.054329 47.3609 0.842715 18.5112 1.2338 0 6.60782 12.387 8.07685 4.97978 0 0 0
270 12000.00 1325.55 2.945545 47.4295 0.841046 18.5469 1.21826 0 6.56713 12.3205 8.00824 5.06843 0 0 0
271 12000.00 1326.50 3.049105 47.3641 0.842639 18.5129 1.23307 0 6.60591 12.3839 8.0736 4.98396 0 0 0
272 11666.67 1326.50 3.795143 47.2888 0.841099 18.4405 1.30633 0 6.66133 12.5025 8.47705 4.48236 0 0 0
273 11666.67 1325.50 3.661174 47.3576 0.840049 18.4759 1.2911 0 6.62206 12.4371 8.40656 4.56964 0 0 0
274 11666.67 1324.50 3.532247 47.4266 0.838838 18.5114 1.27577 0 6.58249 12.3715 8.3363 4.65713 0 0 0
275 11666.67 1323.50 3.408120 47.4958 0.837477 18.5469 1.26035 0 6.54266 12.3058 8.26627 4.74481 0 0 0
276 11666.67 1324.32 3.509594 47.439 0.838604 18.5177 1.273 0 6.57535 12.3597 8.32369 4.67287 0 0 0
277 11333.33 1324.32 4.371820 47.3563 0.835392 18.4433 1.34667 0 6.62871 12.4789 8.74249 4.16828 0 0 0
278 11333.33 1323.32 4.217707 47.4249 0.834782 18.4782 1.33187 0 6.59079 12.4145 8.67067 4.25426 0 0 0
279 11333.33 1322.32 4.069632 47.4939 0.833983 18.5132 1.31689 0 6.55246 12.35 8.59905 4.34052 0 0 0
280 11333.33 1321.32 3.927294 47.5632 0.833004 18.5484 1.30175 0 6.51376 12.2852 8.52765 4.42705 0 0 0
281 11333.33 1321.99 4.022294 47.5166 0.833681 18.5248 1.31194 0 6.53979 12.3287 8.57559 4.3689 0 0 0
282 11000.00 1321.99 5.024502 47.4283 0.828331 18.4489 1.38517 0 6.58957 12.4477 9.00994 3.86215 0 0 0
283 11000.00 1320.99 4.846358 47.4962 0.828248 18.4832 1.37099 0 6.55332 12.3846 8.93683 3.94665 0 0 0
284 11000.00 1319.99 4.675477 47.5647 0.827944 18.5176 1.35655 0 6.51653 12.3212 8.86391 4.03151 0 0 0
285 11000.00 1318.99 4.511487 47.6337 0.827427 18.5522 1.34189 0 6.47927 12.2576 8.79119 4.1167 0 0 0
286 11000.00 1319.50 4.593682 47.5987 0.827714 18.5347 1.34934 0 6.49819 12.2898 8.82799 4.07353 0 0 0
287 10666.67 1319.50 5.764915 47.5071 0.819709 18.4582 1.4212 0 6.54264 12.4076 9.27805 3.56548 0 0 0
288 10666.67 1318.50 5.558038 47.5738 0.820244 18.4917 1.40785 0 6.5084 12.346 9.2037 3.64833 0 0 0
289 10666.67 1317.50 5.359945 47.6413 0.82052 18.5254 1.39416 0 6.4735 12.284 9.12953 3.73161 0 0 0
290 10666.67 1316.50 5.170171 47.7095 0.82055 18.5593 1.38015 0 6.43798 12.2216 9.05555 3.8153 0 0 0
291 10666.67 1316.82 5.230659 47.6874 0.820566 18.5483 1.38471 0 6.44953 12.2418 9.07945 3.78819 0 0 0
292 10333.33 1316.82 6.606409 47.5948 0.809348 18.4721 1.45418 0 6.48671 12.3578 9.5454 3.27965 0 0 0
293 10333.33 1315.82 6.365099 47.6598 0.810589 18.5046 1.44187 0 6.45485 12.2977 9.46985 3.3607 0 0 0
294 10333.33 1314.82 6.134473 47.7259 0.811535 18.5374 1.42912 0 6.42217 12.2372 9.39447 3.44225 0 0 0
295 10333.33 1313.82 5.913944 47.7928 0.812197 18.5704 1.41597 0 6.38873 12.1763 9.31927 3.52428 0 0 0
296 10333.33 1313.95 5.940466 47.7845 0.81213 18.5664 1.41761 0 6.39287 12.1838 9.32848 3.51419 0 0 0
297 10000.00 1313.95 7.564171 47.6937 0.797109 18.4914 1.48363 0 6.42066 12.2971 9.81048 3.00592 0 0 0
298 10000.00 1312.95 7.281495 47.7565 0.799146 18.5227 1.47256 0 6.39156 12.2388 9.73377 3.08504 0 0 0
299 10000.00 1311.95 7.011893 47.8204 0.800847 18.5543 1.46095 0 6.36147 12.18 9.65723 3.16473 0 0 0
300 10000.00 1310.95 6.754613 47.8855 0.802227 18.5864 1.44886 0 6.33046 12.1207 9.58085 3.24496 0 0 0
301 10000.00 1310.85 6.730593 47.8918 0.802343 18.5895 1.44767 0 6.32744 12.115 9.57355 3.25267 0 0 0
302 9666.67 1310.85 8.655495 47.8056 0.782909 18.5166 1.50922 0 6.34355 12.2251 10.0718 2.74532 0 0 0
303 9666.67 1309.85 8.322989 47.8655 0.785825 18.5466 1.49957 0 6.31759 12.1686 9.99391 2.82242 0 0 0
304 9666.67 1308.85 8.006584 47.927 0.788366 18.577 1.48929 0 6.29046 12.1115 9.91624 2.90014 0 0 0
305 9666.67 1307.85 7.705309 47.9898 0.790545 18.6079 1.47842 0 6.26223 12.0539 9.83873 2.97847 0 0 0
306 9666.67 1307.52 7.608662 48.0109 0.79119 18.6182 1.4747 0 6.25264 12.0348 9.81308 3.00455 0 0 0
307 9333.33 1307.52 9.900140 47.932 0.766726 18.5484 1.53079 0 6.25461 12.1411 10.3277 2.49867 0 0 0
308 9333.33 1306.52 9.507427 47.9887 0.770599 18.5768 1.52272 0 6.2322 12.0865 10.2487 2.57367 0 0 0
309 9333.33 1305.52 9.134679 48.0471 0.774057 18.6059 1.51392 0 6.2084 12.0313 10.17 2.64935 0 0 0
310 9333.33 1304.52 8.780627 48.1071 0.777112 18.6354 1.50444 0 6.18332 11.9755 10.0913 2.72569 0 0 0
311 9333.33 1303.93 8.582322 48.1428 0.778714 18.6529 1.49862 0 6.16812 11.9427 10.0456 2.7705 0 0 0
312 9000.00 1303.93 11.208725 48.104 0.751411 18.5668 1.5462 0 6.15007 12.0359 10.5612 2.28439 0 0 0
313 9000.00 1302.93 10.855113 48.1272 0.753509 18.6139 1.54203 0 6.13488 11.9925 10.4967 2.33937 0 0 0
314 9000.00 1301.93 10.414348 48.1821 0.757952 18.6413 1.53484 0 6.1148 11.9391 10.4168 2.41296 0 0 0
315 9000.00 1300.93 9.996836 48.2389 0.761952 18.6694 1.52688 0 6.09322 11.8852 10.3372 2.48726 0 0 0
316 9000.00 1299.97 9.614854 48.2953 0.765402 18.6971 1.5185 0 6.07106 11.8326 10.2605 2.55955 0 0 0
317 8666.67 1299.97 11.854608 48.4716 0.752406 18.474 1.54584 0 6.01727 11.8598 10.6807 2.19842 0 0 0
318 8666.67 1298.97 11.642030 48.4529 0.7511 18.5482 1.54512 0 6.0073 11.8297 10.6382 2.22746 0 0 0
319 8666.67 1297.97 11.430201 48.4353 0.749652 18.6222 1.54417 0 5.99703 11.7993 10.5952 2.25718 0 0 0
320 8666.67 1296.97 11.219191 48.4187 0.748062 18.6958 1.54298 0 5.98645 11.7686 10.5517 2.2876 0 0 0
321 8666.67 1295.66 10.715489 48.4651 0.751462 18.749 1.53542 0 5.96366 11.7076 10.4602 2.3676 0 0 0
322 8666.67 1299.97 11.854608 48.4716 0.752406 18.474 1.54584 0 6.01727 11.8598 10.6807 2.19842 0 0 0
323 8666.67 1299.54 11.763415 48.4634 0.751864 18.5058 1.54556 0 6.01303 11.8469 10.6626 2.21078 0 0 0
324 8666.67 1299.11 11.672353 48.4555 0.751296 18.5376 1.54524 0 6.00874 11.834 10.6443 2.22327 0 0 0
325 8666.67 1298.68 11.581428 48.4478 0.750701 18.5694 1.54488 0 6.00439 11.821 10.626 2.23588 0 0 0
326 8666.67 1298.26 11.490643 48.4402 0.75008 18.6011 1.54447 0 5.99999 11.808 10.6076 2.24862 0 0 0
327 8666.67 1297.83 11.400005 48.4328 0.749434 18.6327 1.54402 0 5.99554 11.7949 10.5891 2.26149 0 0 0
328 8666.67 1297.40 11.309519 48.4257 0.748761 18.6643 1.54352 0 5.99102 11.7818 10.5704 2.27448 0 0 0
329 8666.67 1296.97 11.219191 48.4187 0.748062 18.6958 1.54298 0 5.98645 11.7686 10.5517 2.2876 0 0 0
330 8666.67 1295.66 10.715489 48.4651 0.751462 18.749 1.53542 0 5.96366 11.7076 10.4602 2.3676 0 0 0
331 8666.67 1299.97 11.854608 48.4716 0.752406 18.474 1.54584 0 6.01727 11.8598 10.6807 2.19842 0 0 0
332 8666.67 1299.77 11.812035 48.4677 0.752156 18.4888 1.54572 0 6.0153 11.8538 10.6722 2.20418 0 0 0
333 8666.67 1299.57 11.769491 48.464 0.751901 18.5037 1.54558 0 6.01332 11.8478 10.6638 2.20996 0 0 0
334 8666.67 1299.37 11.726975 48.4602 0.75164 18.5186 1.54544 0 6.01132 11.8418 10.6553 2.21576 0 0 0
335 8666.67 1299.17 11.684487 48.4566 0.751373 18.5334 1.54529 0 6.00932 11.8357 10.6468 2.2216 0 0 0
336 8666.67 1298.97 11.642030 48.4529 0.7511 18.5482 1.54512 0 6.0073 11.8297 10.6382 2.22746 0 0 0
337 8666.67 1298.77 11.599602 48.4493 0.750822 18.563 1.54495 0 6.00527 11.8236 10.6297 2.23335 0 0 0
338 8666.67 1298.57 11.557204 48.4457 0.750538 18.5778 1.54477 0 6.00323 11.8175 10.6211 2.23927 0 0 0
339 8666.67 1298.37 11.514838 48.4422 0.750248 18.5926 1.54458 0 6.00117 11.8114 10.6125 2.24521 0 0 0
340 8666.67 1298.17 11.472503 48.4387 0.749953 18.6074 1.54438 0 5.99911 11.8054 10.6039 2.25118 0 0 0
341 8666.67 1297.97 11.430201 48.4353 0.749652 18.6222 1.54417 0 5.99703 11.7993 10.5952 2.25718 0 0 0
342 8666.67 1297.77 11.387931 48.4319 0.749345 18.6369 1.54395 0 5.99494 11.7932 10.5866 2.26321 0 0 0
343 8666.67 1297.57 11.345695 48.4285 0.749033 18.6517 1.54372 0 5.99284 11.787 10.5779 2.26927 0 0 0
344 8666.67 1297.37 11.303492 48.4252 0.748715 18.6664 1.54349 0 5.99072 11.7809 10.5692 2.27535 0 0 0
345 8666.67 1297.17 11.261324 48.4219 0.748391 18.6811 1.54324 0 5.98859 11.7748 10.5605 2.28146 0 0 0
346 8666.67 1296.97 11.219191 48.4187 0.748062 18.6958 1.54298 0 5.98645 11.7686 10.5517 2.2876 0 0 0
347 8666.67 1295.66 10.715489 48.4651 0.751462 18.749 1.53542 0 5.96366 11.7076 10.4602 2.3676 0 0 0
348 8666.67 1299.97 11.854608 48.4716 0.752406 18.474 1.54584 0 6.01727 11.8598 10.6807 2.19842 0 0 0
349 8666.67 1299.87 11.834005 48.4697 0.752286 18.4812 1.54578 0 6.01632 11.8569 10.6766 2.2012 0 0 0
350 8666.67 1299.78 11.813408 48.4679 0.752164 18.4884 1.54572 0 6.01537 11.854 10.6725 2.20399 0 0 0
351 8666.67 1299.68 11.792818 48.466 0.752042 18.4956 1.54566 0 6.01441 11.8511 10.6684 2.20678 0 0 0
352 8666.67 1299.58 11.772235 48.4642 0.751917 18.5027 1.54559 0 6.01345 11.8482 10.6643 2.20958 0 0 0
353 8666.67 1299.49 11.751658 48.4624 0.751792 18.5099 1.54552 0 6.01248 11.8453 10.6602 2.21239 0 0 0
354 8666.67 1299.39 11.731088 48.4606 0.751665 18.5171 1.54545 0 6.01152 11.8423 10.6561 2.2152 0 0 0
355 8666.67 1299.29 11.710524 48.4588 0.751537 18.5243 1.54538 0 6.01055 11.8394 10.652 2.21802 0 0 0
356 8666.67 1299.20 11.689968 48.457 0.751408 18.5315 1.54531 0 6.00958 11.8365 10.6479 2.22084 0 0 0
357 8666.67 1299.10 11.669418 48.4553 0.751277 18.5387 1.54523 0 6.0086 11.8336 10.6437 2.22368 0 0 0
358 8666.67 1299.00 11.648876 48.4535 0.751145 18.5458 1.54515 0 6.00762 11.8306 10.6396 2.22651 0 0 0
359 8666.67 1298.91 11.628340 48.4517 0.751011 18.553 1.54507 0 6.00664 11.8277 10.6355 2.22936 0 0 0
360 8666.67 1298.81 11.607811 48.45 0.750876 18.5602 1.54499 0 6.00566 11.8248 10.6313 2.23221 0 0 0
361 8666.67 1298.71 11.587290 48.4483 0.75074 18.5673 1.5449 0 6.00468 11.8218 10.6272 2.23506 0 0 0
362 8666.67 1298.62 11.566775 48.4465 0.750603 18.5745 1.54481 0 6.00369 11.8189 10.623 2.23793 0 0 0
363 8666.67 1298.52 11.546268 48.4448 0.750464 18.5817 1.54472 0 6.0027 11.816 10.6189 2.2408 0 0 0
364 8666.67 1298.42 11.525768 48.4431 0.750324 18.5888 1.54463 0 6.0017 11.813 10.6147 2.24367 0 0 0
365 8666.67 1298.33 11.505276 48.4414 0.750182 18.596 1.54454 0 6.00071 11.8101 10.6106 2.24656 0 0 0
366 8666.67 1298.23 11.484791 48.4397 0.750039 18.6031 1.54444 0 5.99971 11.8071 10.6064 2.24945 0 0 0
367 8666.67 1298.13 11.464313 48.4381 0.749895 18.6103 1.54434 0 5.9987 11.8042 10.6022 2.25234 0 0 0
368 8666.67 1298.04 11.443843 48.4364 0.74975 18.6174 1.54424 0 5.9977 11.8012 10.598 2.25524 0 0 0
369 8666.67 1297.94 11.423381 48.4347 0.749603 18.6246 1.54414 0 5.99669 11.7983 10.5938 2.25815 0 0 0
370 8666.67 1297.84 11.402926 48.4331 0.749455 18.6317 1.54403 0 5.99568 11.7953 10.5897 2.26107 0 0 0
371 8666.67 1297.74 11.382480 48.4314 0.749305 18.6388 1.54392 0 5.99467 11.7924 10.5855 2.26399 0 0 0
372 8666.67 1297.65 11.362040 48.4298 0.749155 18.646 1.54381 0 5.99365 11.7894 10.5813 2.26692 0 0 0
373 8666.67 1297.55 11.341609 48.4282 0.749002 18.6531 1.5437 0 5.99263 11.7865 10.5771 2.26985 0 0 0
374 8666.67 1297.45 11.321186 48.4266 0.748849 18.6602 1.54359 0 5.99161 11.7835 10.5729 2.2728 0 0 0
375 8666.67 1297.36 11.300771 48.425 0.748694 18.6673 1.54347 0 5.99058 11.7805 10.5686 2.27574 0 0 0
376 8666.67 1297.26 11.280364 48.4234 0.748538 18.6745 1.54335 0 5.98955 11.7776 10.5644 2.2787 0 0 0
377 8666.67 1297.16 11.259965 48.4218 0.748381 18.6816 1.54323 0 5.98852 11.7746 10.5602 2.28166 0 0 0
378 8666.67 1297.07 11.239574 48.4203 0.748222 18.6887 1.5431 0 5.98749 11.7716 10.556 2.28463 0 0 0
379 8666.67 1296.97 11.219191 48.4187 0.748062 18.6958 1.54298 0 5.98645 11.7686 10.5517 2.2876 0 0 0
380 8666.67 1295.66 10.715489 48.4651 0.751462 18.749 1.53542 0 5.96366 11.7076 10.4602 2.3676 0 0 0
381 8333.33 1295.66 12.450005 48.8434 0.752889 18.3936 1.54527 0 5.8822 11.6747 10.7832 2.12471 0 0 0
382 8333.33 1294.66 12.238586 48.823 0.751774 18.4685 1.54485 0 5.87256 11.6454 10.7423 2.1517 0 0 0
383 8333.33 1293.66 12.027672 48.8034 0.750512 18.5432 1.54421 0 5.86267 11.6158 10.7009 2.17932 0 0 0
384 8333.33 1292.66 11.817324 48.7849 0.749104 18.6175 1.54334 0 5.85251 11.5861 10.659 2.2076 0 0 0
385 8333.33 1292.57 11.798842 48.7833 0.748973 18.624 1.54326 0 5.85161 11.5835 10.6553 2.21012 0 0 0
386 8000.00 1292.57 13.321463 49.2538 0.754141 18.2077 1.54466 0 5.75978 11.5262 10.9303 2.02334 0 0 0
387 8000.00 1291.57 13.111728 49.2307 0.753427 18.2835 1.54478 0 5.75063 11.4977 10.8916 2.04764 0 0 0
388 8000.00 1290.57 12.902222 49.2083 0.752564 18.3591 1.54469 0 5.74129 11.4691 10.8525 2.0725 0 0 0
389 8000.00 1289.57 12.692989 49.1868 0.751552 18.4344 1.5444 0 5.73175 11.4403 10.8128 2.09794 0 0 0
390 8000.00 1289.46 12.669123 49.1844 0.751427 18.443 1.54436 0 5.73065 11.437 10.8083 2.10089 0 0 0
391 7666.67 1289.46 14.197224 49.6786 0.754332 18.0092 1.54319 0 5.63827 11.3774 11.0687 1.9303 0 0 0
392 7666.67 1288.46 13.990435 49.6532 0.754041 18.0858 1.54378 0 5.62942 11.3495 11.0321 1.95215 0 0 0
393 7666.67 1287.46 13.783665 49.6284 0.753601 18.1621 1.54419 0 5.62044 11.3216 10.9951 1.97449 0 0 0
394 7666.67 1286.46 13.576943 49.6044 0.753014 18.2382 1.54442 0 5.6113 11.2936 10.9577 1.99733 0 0 0
395 7666.67 1286.33 13.550493 49.6014 0.752928 18.2479 1.54444 0 5.61012 11.2901 10.9528 2.00029 0 0 0
396 7333.33 1286.33 15.073535 50.1167 0.753314 17.7978 1.54092 0 5.51846 11.2294 11.1985 1.84492 0 0 0
397 7333.33 1285.33 14.870679 50.0895 0.753455 17.8749 1.54194 0 5.50975 11.202 11.164 1.86455 0 0 0
398 7333.33 1284.33 14.667705 50.0628 0.753453 17.9518 1.5428 0 5.50095 11.1746 11.129 1.8846 0 0 0
399 7333.33 1283.33 14.464625 50.0367 0.753306 18.0285 1.54349 0 5.49204 11.1472 11.0937 1.90509 0 0 0
400 7333.33 1283.20 14.438212 50.0334 0.753276 18.0385 1.54357 0 5.49087 11.1436 11.089 1.90779 0 0 0
401 7000.00 1283.20 15.947272 50.5673 0.750964 17.5731 1.53785 0 5.40104 11.0832 11.3201 1.76649 0 0 0
402 7000.00 1282.20 15.749029 50.5386 0.751535 17.6506 1.53927 0 5.39234 11.0561 11.2874 1.78414 0 0 0
403 7000.00 1281.20 15.550602 50.5104 0.751971 17.7279 1.54053 0 5.38358 11.029 11.2544 1.80215 0 0 0
404 7000.00 1280.20 15.351990 50.4827 0.752269 17.8051 1.54166 0 5.37475 11.002 11.221 1.82053 0 0 0
405 7000.00 1280.08 15.327837 50.4794 0.752296 17.8145 1.54178 0 5.37367 10.9987 11.2169 1.82279 0 0 0
406 6666.67 1280.08 16.816044 51.0293 0.747191 17.335 1.53398 0 5.28662 10.9399 11.4337 1.69434 0 0 0
407 6666.67 1279.08 16.622777 50.9996 0.748178 17.4127 1.53575 0 5.27783 10.9129 11.4028 1.71024 0 0 0
408 6666.67 1278.08 16.429325 50.9702 0.74904 17.4903 1.5374 0 5.26899 10.886 11.3715 1.72645 0 0 0
409 6666.67 1277.08 16.235676 50.9413 0.749774 17.5678 1.53891 0 5.26012 10.8591 11.34 1.74296 0 0 0
410 6666.67 1276.98 16.215466 50.9383 0.749843 17.5759 1.53906 0 5.25919 10.8563 11.3367 1.7447 0 0 0
411 6333.33 1276.98 17.678262 51.5018 0.741939 17.0835 1.52922 0 5.1757 10.8003 11.5397 1.62783 0 0 0
412 6333.33 1275.98 17.490029 51.4714 0.743318 17.1613 1.53134 0 5.16673 10.7733 11.5104 1.64219 0 0 0
413 6333.33 1274.98 17.301666 51.4412 0.744584 17.2391 1.53334 0 5.15774 10.7464 11.4808 1.65681 0 0 0
414 6333.33 1273.98 17.113151 51.4114 0.745734 17.3167 1.53522 0 5.14873 10.7196 11.451 1.67169 0 0 0
415 6333.33 1273.90 17.097955 51.409 0.745822 17.3229 1.53537 0 5.148 10.7174 11.4485 1.6729 0 0 0
416 6000.00 1273.90 18.533180 51.9839 0.735193 16.8187 1.5235 0 5.06866 10.6652 11.6385 1.56632 0 0 0
417 6000.00 1272.90 18.349762 51.953 0.736933 16.8966 1.52594 0 5.05945 10.6381 11.6107 1.57936 0 0 0
418 6000.00 1271.90 18.166313 51.9224 0.738572 16.9743 1.52828 0 5.05025 10.6111 11.5826 1.5926 0 0 0
419 6000.00 1270.90 17.982805 51.8919 0.740108 17.0519 1.53051 0 5.04104 10.5842 11.5542 1.60606 0 0 0
420 6000.00 1270.84 17.973089 51.8903 0.740186 17.056 1.53063 0 5.04055 10.5828 11.5527 1.60678 0 0 0
421 5666.67 1270.84 19.380908 52.4746 0.726974 16.5409 1.5167 0 4.96579 10.5353 11.7305 1.50924 0 0 0
422 5666.67 1269.84 19.201847 52.4435 0.729038 16.6187 1.51947 0 4.95631 10.5079 11.7039 1.52113 0 0 0
423 5666.67 1268.84 19.022888 52.4126 0.731014 16.6964 1.52213 0 4.94684 10.4807 11.6772 1.5332 0 0 0
424 5666.67 1267.84 18.843995 52.3818 0.7329 16.7739 1.52469 0 4.93738 10.4536 11.6502 1.54544 0 0 0
425 5666.67 1267.82 18.839680 52.3811 0.732944 16.7758 1.52475 0 4.93715 10.453 11.6495 1.54574 0 0 0
426 5333.33 1267.82 20.222398 52.9732 0.71734 16.2505 1.50871 0 4.86724 10.411 11.8159 1.45604 0 0 0
427 5333.33 1266.82 20.047040 52.9421 0.719689 16.3282 1.51178 0 4.85747 10.3833 11.7905 1.46696 0 0 0
428 5333.33 1265.82 19.871937 52.911 0.721963 16.4058 1.51476 0 4.84772 10.3558 11.7649 1.47802 0 0 0
429 5333.33 1264.82 19.697053 52.8802 0.724157 16.4832 1.51765 0 4.83799 10.3284 11.7392 1.48922 0 0 0
430 5333.33 1264.82 19.697604 52.8803 0.72415 16.483 1.51764 0 4.83802 10.3285 11.7393 1.48918 0 0 0
431 5000.00 1264.82 21.059408 53.4788 0.706376 15.9481 1.4994 0 4.77311 10.2928 11.8951 1.40622 0 0 0
432 5000.00 1263.82 20.886941 53.4478 0.708972 16.0256 1.50278 0 4.76305 10.2647 11.8707 1.41631 0 0 0
433 5000.00 1262.82 20.714900 53.4168 0.711502 16.103 1.50607 0 4.75301 10.2368 11.8462 1.42652 0 0 0
434 5000.00 1261.82 20.543247 53.386 0.713965 16.1803 1.50927 0 4.74299 10.2091 11.8215 1.43684 0 0 0
435 5000.00 1261.85 20.547766 53.3868 0.713901 16.1783 1.50918 0 4.74325 10.2098 11.8222 1.43656 0 0 0
436 4666.67 1261.85 21.894451 53.9909 0.694191 15.6343 1.48863 0 4.6834 10.181 11.9683 1.35932 0 0 0
437 4666.67 1260.85 21.723945 53.96 0.696994 15.7116 1.49232 0 4.67304 10.1525 11.9448 1.36872 0 0 0
438 4666.67 1259.85 21.554047 53.9292 0.699743 15.7888 1.49592 0 4.66271 10.1241 11.9213 1.37821 0 0 0
439 4666.67 1258.85 21.384716 53.8985 0.702433 15.8659 1.49943 0 4.6524 10.096 11.8975 1.38778 0 0 0
440 4666.67 1258.89 21.392027 53.8998 0.702318 15.8626 1.49928 0 4.65285 10.0972 11.8986 1.38737 0 0 0
441 4333.33 1258.89 22.730737 54.5088 0.680904 15.3096 1.4763 0 4.59803 10.0757 12.0358 1.31492 0 0 0
442 4333.33 1257.89 22.561171 54.4782 0.683881 15.3868 1.48029 0 4.58739 10.0466 12.0131 1.32374 0 0 0
443 4333.33 1256.89 22.392401 54.4476 0.686811 15.4638 1.48419 0 4.57677 10.0178 11.9904 1.33263 0 0 0
444 4333.33 1255.89 22.224386 54.4171 0.689692 15.5407 1.48802 0 4.56618 9.98922 11.9675 1.34158 0 0 0
445 4333.33 1255.94 22.233087 54.4187 0.689544 15.5368 1.48782 0 4.56673 9.9907 11.9687 1.34112 0 0 0
446 4000.00 1255.94 23.572110 55.0321 0.666642 14.9747 1.46228 0 4.51688 9.97696 12.0978 1.27264 0 0 0
447 4000.00 1254.94 23.402391 55.0018 0.669761 15.0518 1.46657 0 4.50596 9.94741 12.0758 1.28098 0 0 0
448 4000.00 1253.94 23.233664 54.9714 0.672841 15.1287 1.47079 0 4.49507 9.91806 12.0537 1.28937 0 0 0
449 4000.00 1252.94 23.065886 54.9412 0.675879 15.2055 1.47493 0 4.48421 9.88893 12.0315 1.29781 0 0 0
450 4000.00 1252.99 23.074375 54.9427 0.675726 15.2016 1.47472 0 4.48476 9.8904 12.0327 1.29738 0 0 0
451 3666.67 1252.99 24.423000 55.5605 0.65153 14.6304 1.44648 0 4.43979 9.88487 12.1543 1.23216 0 0 0
452 3666.67 1251.99 24.251974 55.5304 0.654765 14.7073 1.45108 0 4.42861 9.85474 12.1329 1.2401 0 0 0
453 3666.67 1250.99 24.082144 55.5004 0.657966 14.7842 1.45561 0 4.41745 9.82484 12.1115 1.24808 0 0 0
454 3666.67 1249.99 23.913465 55.4704 0.661132 14.8609 1.46006 0 4.40633 9.79515 12.09 1.25609 0 0 0
455 3666.67 1250.03 23.919933 55.4716 0.661011 14.8579 1.45989 0 4.40675 9.79629 12.0908 1.25578 0 0 0
456 3333.33 1250.03 25.189192 55.9738 0.63787 14.3191 1.43139 0 4.37692 9.78461 12.2783 1.19796 0 0 0
457 3333.33 1249.03 25.045794 55.9803 0.640533 14.3834 1.43549 0 4.36238 9.75842 12.2353 1.20415 0 0 0
458 3333.33 1248.03 24.903728 55.9869 0.64317 14.4475 1.43954 0 4.34785 9.73239 12.1924 1.21034 0 0 0
459 3333.33 1247.03 24.762964 55.9936 0.64578 14.5113 1.44355 0 4.3333 9.70652 12.1494 1.21653 0 0 0
460 3333.33 1247.06 24.767079 55.9934 0.645703 14.5095 1.44343 0 4.33373 9.70728 12.1507 1.21635 0 0 0
461 3000.00 1247.06 25.344602 56.0242 0.635583 14.2609 1.42949 0 4.35868 9.70963 12.3898 1.19172 0 0 0
462 3000.00 1246.06 25.310695 56.0467 0.636434 14.28 1.43141 0 4.33933 9.66534 12.4075 1.19331 0 0 0
463 3000.00 1245.06 25.277032 56.069 0.637282 14.299 1.43332 0 4.32005 9.62124 12.4252 1.1949 0 0 0
464 3000.00 1244.06 25.243608 56.0912 0.638126 14.3179 1.43521 0 4.30082 9.57735 12.4428 1.19649 0 0 0
465 3000.00 1244.87 25.270683 56.0732 0.637442 14.3026 1.43368 0 4.3164 9.61291 12.4286 1.1952 0 0 0
466 2666.67 1244.87 25.337160 56.0286 0.63577 14.2651 1.42991 0 4.3646 9.70156 12.3824 1.19207 0 0 0
467 2666.67 1243.87 25.303245 56.0511 0.636622 14.2842 1.43183 0 4.3452 9.65725 12.4002 1.19367 0 0 0
468 2666.67 1242.87 25.269573 56.0734 0.63747 14.3032 1.43374 0 4.32587 9.61315 12.4179 1.19526 0 0 0
469 2666.67 1241.87 25.236141 56.0957 0.638315 14.3222 1.43564 0 4.3066 9.56926 12.4355 1.19684 0 0 0
470 2666.67 1244.06 25.309729 56.0468 0.636459 14.2805 1.43146 0 4.34892 9.66573 12.3968 1.19336 0 0 0
471 2333.33 1244.06 25.377607 56.0013 0.634756 14.2423 1.42764 0 4.39808 9.75571 12.35 1.19017 0 0 0
472 2333.33 1243.06 25.343338 56.0239 0.635615 14.2616 1.42957 0 4.37854 9.71112 12.3679 1.19178 0 0 0
473 2333.33 1242.06 25.309315 56.0464 0.636469 14.2808 1.43149 0 4.35906 9.66673 12.3857 1.19338 0 0 0
474 2333.33 1241.06 25.275536 56.0689 0.63732 14.2999 1.4334 0 4.33965 9.62254 12.4034 1.19497 0 0 0
475 2333.33 1243.25 25.349801 56.0197 0.635453 14.258 1.4292 0 4.38223 9.71954 12.3645 1.19147 0 0 0
476 2000.00 1243.25 25.419116 55.9734 0.63372 14.2191 1.4253 0 4.43237 9.81087 12.3171 1.18822 0 0 0
477 2000.00 1242.25 25.384483 55.9961 0.634584 14.2385 1.42725 0 4.41268 9.76598 12.335 1.18985 0 0 0
478 2000.00 1241.25 25.350100 56.0188 0.635445 14.2578 1.42918 0 4.39307 9.7213 12.3529 1.19146 0 0 0
479 2000.00 1240.25 25.315964 56.0414 0.636302 14.277 1.43111 0 4.37351 9.67682 12.3707 1.19307 0 0 0
480 2000.00 1242.44 25.390922 55.9919 0.634423 14.2349 1.42689 0 4.41635 9.77434 12.3317 1.18954 0 0 0