System Thermodynamic Data:
index Pressure Temperature mass F phi H S V Cp dVdP*10^6 dVdT*10^6 fO2(absolute) fO2(absolute) rhol rhos viscosity aH2O chisqr
1 30000.00 1379.00 100.000000 0.0000000000000000 0.009192 -1198331.147480 253.640839 30.605952 125.975961 -21.147702 1460.638102 -5.074 -5.074 0.000000 3.267338 0.000 n/a n/a
2 29666.67 1379.00 100.000000 0.0000000000000000 0.009189 -1199257.324062 253.697840 30.615059 126.004984 -21.176325 1460.831019 -5.097 -5.097 0.000000 3.266366 0.000 n/a n/a
3 29666.67 1378.00 100.000000 0.0000000000000000 0.009190 -1199386.451458 253.619659 30.613347 125.996597 -21.175755 1460.346392 -5.102 -5.102 0.000000 3.266549 0.000 n/a n/a
4 29666.67 1377.00 100.000000 0.0000000000000000 0.009190 -1199515.562250 253.541441 30.611636 125.988201 -21.175187 1459.861798 -5.107 -5.107 0.000000 3.266732 0.000 n/a n/a
5 29666.67 1376.00 100.000000 0.0000000000000000 0.009191 -1199644.656495 253.463185 30.609927 125.979796 -21.174619 1459.377236 -5.113 -5.113 0.000000 3.266914 0.000 n/a n/a
6 29666.67 1378.27 100.000000 0.0000000000000000 0.009190 -1199351.476700 253.640839 30.613810 125.998869 -21.175909 1460.477659 -5.100 -5.100 0.000000 3.266500 0.000 n/a n/a
7 29333.33 1378.27 100.000000 0.0000000000000000 0.009187 -1200277.742219 253.697970 30.622977 126.027952 -21.204700 1460.675471 -5.124 -5.124 0.000000 3.265522 0.000 n/a n/a
8 29333.33 1377.27 100.000000 0.0000000000000000 0.009187 -1200406.918145 253.619725 30.621261 126.019534 -21.204120 1460.190459 -5.129 -5.129 0.000000 3.265705 0.000 n/a n/a
9 29333.33 1376.27 100.000000 0.0000000000000000 0.009188 -1200536.077232 253.541443 30.619546 126.011109 -21.203541 1459.705480 -5.134 -5.134 0.000000 3.265888 0.000 n/a n/a
10 29333.33 1375.27 100.000000 0.0000000000000000 0.009188 -1200665.219541 253.463124 30.617833 126.002675 -21.202963 1459.220535 -5.140 -5.140 0.000000 3.266070 0.000 n/a n/a
11 29333.33 1377.54 100.000000 0.0000000000000000 0.009187 -1200372.068784 253.640839 30.621724 126.021806 -21.204276 1460.321309 -5.127 -5.127 0.000000 3.265655 0.000 n/a n/a
12 29000.00 1377.54 100.000000 0.0000000000000000 0.009184 -1201298.418719 253.698105 30.630952 126.050950 -21.233241 1460.524188 -5.151 -5.151 0.000000 3.264672 0.000 n/a n/a
13 29000.00 1376.54 100.000000 0.0000000000000000 0.009185 -1201427.643883 253.619795 30.629232 126.042503 -21.232650 1460.038779 -5.156 -5.156 0.000000 3.264855 0.000 n/a n/a
14 29000.00 1375.54 100.000000 0.0000000000000000 0.009185 -1201556.851967 253.541449 30.627513 126.034047 -21.232061 1459.553404 -5.161 -5.161 0.000000 3.265038 0.000 n/a n/a
15 29000.00 1374.54 100.000000 0.0000000000000000 0.009186 -1201686.043031 253.463065 30.625796 126.025583 -21.231472 1459.068064 -5.167 -5.167 0.000000 3.265221 0.000 n/a n/a
16 29000.00 1376.81 100.000000 0.0000000000000000 0.009185 -1201392.925591 253.640839 30.629694 126.044773 -21.232809 1460.169194 -5.155 -5.155 0.000000 3.264806 0.000 n/a n/a
17 28666.67 1376.81 100.000000 0.0000000000000000 0.009182 -1202319.355204 253.698243 30.638985 126.073981 -21.261954 1460.377316 -5.178 -5.178 0.000000 3.263816 0.000 n/a n/a
18 28666.67 1375.81 100.000000 0.0000000000000000 0.009183 -1202448.630347 253.619869 30.637261 126.065503 -21.261352 1459.891498 -5.184 -5.184 0.000000 3.263999 0.000 n/a n/a
19 28666.67 1374.81 100.000000 0.0000000000000000 0.009183 -1202577.888156 253.541458 30.635538 126.057017 -21.260751 1459.405716 -5.189 -5.189 0.000000 3.264183 0.000 n/a n/a
20 28666.67 1373.81 100.000000 0.0000000000000000 0.009184 -1202707.128697 253.463009 30.633816 126.048523 -21.260151 1458.919968 -5.194 -5.194 0.000000 3.264366 0.000 n/a n/a
21 28666.67 1376.08 100.000000 0.0000000000000000 0.009182 -1202414.049032 253.640839 30.637722 126.067772 -21.261513 1460.021458 -5.182 -5.182 0.000000 3.263950 0.000 n/a n/a
22 28333.33 1376.08 100.000000 0.0000000000000000 0.009180 -1203340.553359 253.698387 30.647079 126.097046 -21.290845 1460.235011 -5.206 -5.206 0.000000 3.262954 0.000 n/a n/a
23 28333.33 1375.08 100.000000 0.0000000000000000 0.009180 -1203469.879251 253.619947 30.645350 126.088538 -21.290232 1459.748772 -5.212 -5.212 0.000000 3.263138 0.000 n/a n/a
24 28333.33 1374.08 100.000000 0.0000000000000000 0.009181 -1203599.187548 253.541470 30.643623 126.080022 -21.289619 1459.262569 -5.217 -5.217 0.000000 3.263322 0.000 n/a n/a
25 28333.33 1373.08 100.000000 0.0000000000000000 0.009181 -1203728.478318 253.462956 30.641897 126.071497 -21.289008 1458.776401 -5.222 -5.222 0.000000 3.263506 0.000 n/a n/a
26 28333.33 1375.34 100.000000 0.0000000000000000 0.009180 -1203435.441078 253.640839 30.645811 126.090804 -21.290395 1459.878255 -5.210 -5.210 0.000000 3.263089 0.000 n/a n/a
27 28000.00 1375.34 100.000000 0.0000000000000000 0.009177 -1204362.014912 253.698534 30.655235 126.120148 -21.319921 1460.097434 -5.234 -5.234 0.000000 3.262086 0.000 n/a n/a
28 28000.00 1374.34 100.000000 0.0000000000000000 0.009178 -1204491.392358 253.620028 30.653502 126.111609 -21.319295 1459.610760 -5.240 -5.240 0.000000 3.262270 0.000 n/a n/a
29 28000.00 1373.34 100.000000 0.0000000000000000 0.009178 -1204620.751938 253.541485 30.651770 126.103062 -21.318671 1459.124123 -5.245 -5.245 0.000000 3.262454 0.000 n/a n/a
30 28000.00 1372.34 100.000000 0.0000000000000000 0.009179 -1204750.093723 253.462905 30.650039 126.094507 -21.318047 1458.637523 -5.250 -5.250 0.000000 3.262639 0.000 n/a n/a
31 28000.00 1374.61 100.000000 0.0000000000000000 0.009178 -1204457.103760 253.640839 30.653961 126.113873 -21.319461 1459.739745 -5.238 -5.238 0.000000 3.262221 0.000 n/a n/a
32 27666.67 1374.61 100.000000 0.0000000000000000 0.009175 -1205383.741634 253.698687 30.663454 126.143288 -21.349188 1459.964754 -5.263 -5.263 0.000000 3.261211 0.000 n/a n/a
33 27666.67 1373.61 100.000000 0.0000000000000000 0.009175 -1205513.171477 253.620114 30.661717 126.134718 -21.348550 1459.477631 -5.268 -5.268 0.000000 3.261396 0.000 n/a n/a
34 27666.67 1372.61 100.000000 0.0000000000000000 0.009176 -1205642.583171 253.541504 30.659980 126.126140 -21.347913 1458.990547 -5.273 -5.273 0.000000 3.261581 0.000 n/a n/a
35 27666.67 1371.61 100.000000 0.0000000000000000 0.009176 -1205771.976791 253.462858 30.658245 126.117554 -21.347277 1458.503500 -5.279 -5.279 0.000000 3.261765 0.000 n/a n/a
36 27666.67 1373.87 100.000000 0.0000000000000000 0.009175 -1205479.039172 253.640839 30.662175 126.136979 -21.348718 1459.606094 -5.267 -5.267 0.000000 3.261347 0.000 n/a n/a
37 27333.33 1373.87 100.000000 0.0000000000000000 0.009172 -1206405.735347 253.698844 30.671740 126.166470 -21.378654 1459.837149 -5.292 -5.292 0.000000 3.260330 0.000 n/a n/a
38 27333.33 1372.87 100.000000 0.0000000000000000 0.009173 -1206535.218466 253.620204 30.669997 126.157869 -21.378003 1459.349563 -5.297 -5.297 0.000000 3.260515 0.000 n/a n/a
39 27333.33 1371.87 100.000000 0.0000000000000000 0.009173 -1206664.683141 253.541527 30.668256 126.149259 -21.377353 1458.862017 -5.302 -5.302 0.000000 3.260701 0.000 n/a n/a
40 27333.33 1370.87 100.000000 0.0000000000000000 0.009174 -1206794.129453 253.462813 30.666516 126.140642 -21.376705 1458.374510 -5.308 -5.308 0.000000 3.260886 0.000 n/a n/a
41 27333.33 1373.13 100.000000 0.0000000000000000 0.009173 -1206501.249473 253.640839 30.670454 126.160126 -21.378174 1459.477481 -5.296 -5.296 0.000000 3.260467 0.000 n/a n/a
42 27000.00 1373.13 100.000000 0.0000000000000000 0.009170 -1207427.997920 253.699007 30.680094 126.189694 -21.408326 1459.714806 -5.321 -5.321 0.000000 3.259442 0.000 n/a n/a
43 27000.00 1372.13 100.000000 0.0000000000000000 0.009170 -1207557.535235 253.620298 30.678346 126.181062 -21.407662 1459.226742 -5.326 -5.326 0.000000 3.259628 0.000 n/a n/a
44 27000.00 1371.13 100.000000 0.0000000000000000 0.009171 -1207687.053800 253.541553 30.676600 126.172421 -21.406999 1458.738719 -5.331 -5.331 0.000000 3.259814 0.000 n/a n/a
45 27000.00 1370.13 100.000000 0.0000000000000000 0.009171 -1207816.553699 253.462771 30.674855 126.163772 -21.406337 1458.250736 -5.337 -5.337 0.000000 3.259999 0.000 n/a n/a
46 27000.00 1372.39 100.000000 0.0000000000000000 0.009170 -1207523.736894 253.640839 30.678802 126.183315 -21.407835 1459.354089 -5.325 -5.325 0.000000 3.259580 0.000 n/a n/a
47 26666.67 1372.39 100.000000 0.0000000000000000 0.009167 -1208450.531271 253.699175 30.688518 126.212965 -21.438211 1459.597920 -5.350 -5.350 0.000000 3.258548 0.000 n/a n/a
48 26666.67 1371.39 100.000000 0.0000000000000000 0.009168 -1208580.123745 253.620397 30.686766 126.204300 -21.437534 1459.109363 -5.356 -5.356 0.000000 3.258734 0.000 n/a n/a
49 26666.67 1370.39 100.000000 0.0000000000000000 0.009168 -1208709.697149 253.541584 30.685014 126.195628 -21.436857 1458.620847 -5.361 -5.361 0.000000 3.258920 0.000 n/a n/a
50 26666.67 1369.39 100.000000 0.0000000000000000 0.009169 -1208839.251574 253.462733 30.683264 126.186946 -21.436182 1458.132373 -5.366 -5.366 0.000000 3.259106 0.000 n/a n/a
51 26666.67 1371.65 100.000000 0.0000000000000000 0.009168 -1208546.503735 253.640839 30.687220 126.206549 -21.437709 1459.236112 -5.354 -5.354 0.000000 3.258686 0.000 n/a n/a
52 26333.33 1371.65 100.000000 0.0000000000000000 0.009165 -1209473.337372 253.699349 30.697015 126.236284 -21.468319 1459.486699 -5.380 -5.380 0.000000 3.257646 0.000 n/a n/a
53 26333.33 1370.65 100.000000 0.0000000000000000 0.009165 -1209602.986014 253.620501 30.695257 126.227587 -21.467627 1458.997631 -5.385 -5.385 0.000000 3.257832 0.000 n/a n/a
54 26333.33 1369.65 100.000000 0.0000000000000000 0.009166 -1209732.615253 253.541618 30.693501 126.218882 -21.466937 1458.508606 -5.391 -5.391 0.000000 3.258019 0.000 n/a n/a
55 26333.33 1368.65 100.000000 0.0000000000000000 0.009166 -1209862.225184 253.462699 30.691746 126.210169 -21.466247 1458.019624 -5.396 -5.396 0.000000 3.258205 0.000 n/a n/a
56 26333.33 1370.91 100.000000 0.0000000000000000 0.009165 -1209569.552376 253.640839 30.695711 126.229831 -21.467806 1459.123754 -5.384 -5.384 0.000000 3.257784 0.000 n/a n/a
57 26000.00 1370.91 100.000000 0.0000000000000000 0.009162 -1210496.418251 253.699528 30.705588 126.259654 -21.498658 1459.381358 -5.410 -5.410 0.000000 3.256736 0.000 n/a n/a
58 26000.00 1369.91 100.000000 0.0000000000000000 0.009163 -1210626.124118 253.620611 30.703824 126.250925 -21.497952 1458.891762 -5.415 -5.415 0.000000 3.256923 0.000 n/a n/a
59 26000.00 1368.91 100.000000 0.0000000000000000 0.009163 -1210755.810234 253.541657 30.702062 126.242187 -21.497246 1458.402211 -5.421 -5.421 0.000000 3.257110 0.000 n/a n/a
60 26000.00 1367.91 100.000000 0.0000000000000000 0.009164 -1210885.476700 253.462668 30.700302 126.233441 -21.496543 1457.912703 -5.426 -5.426 0.000000 3.257297 0.000 n/a n/a
61 26000.00 1370.17 100.000000 0.0000000000000000 0.009162 -1210592.885277 253.640839 30.704276 126.253163 -21.498133 1459.017230 -5.414 -5.414 0.000000 3.256875 0.000 n/a n/a
62 25666.67 1370.17 100.000000 0.0000000000000000 0.009159 -1211519.775990 253.699714 30.714238 126.283079 -21.529237 1459.282125 -5.441 -5.441 0.000000 3.255819 0.000 n/a n/a
63 25666.67 1369.17 100.000000 0.0000000000000000 0.009160 -1211649.540190 253.620726 30.712469 126.274316 -21.528515 1458.791983 -5.446 -5.446 0.000000 3.256007 0.000 n/a n/a
64 25666.67 1368.17 100.000000 0.0000000000000000 0.009161 -1211779.284277 253.541701 30.710701 126.265546 -21.527795 1458.301887 -5.451 -5.451 0.000000 3.256194 0.000 n/a n/a
65 25666.67 1367.17 100.000000 0.0000000000000000 0.009161 -1211909.008355 253.462640 30.708935 126.256767 -21.527076 1457.811836 -5.457 -5.457 0.000000 3.256381 0.000 n/a n/a
66 25666.67 1369.42 100.000000 0.0000000000000000 0.009160 -1211616.504979 253.640839 30.712919 126.276548 -21.528699 1458.916766 -5.445 -5.445 0.000000 3.255959 0.000 n/a n/a
67 25333.33 1369.42 100.000000 0.0000000000000000 0.009157 -1212543.412731 253.699907 30.722969 126.306560 -21.560066 1459.189241 -5.472 -5.472 0.000000 3.254894 0.000 n/a n/a
68 25333.33 1368.42 100.000000 0.0000000000000000 0.009157 -1212673.236429 253.620846 30.721194 126.297764 -21.559329 1458.698534 -5.477 -5.477 0.000000 3.255082 0.000 n/a n/a
69 25333.33 1367.42 100.000000 0.0000000000000000 0.009158 -1212803.039633 253.541750 30.719421 126.288960 -21.558593 1458.207874 -5.482 -5.482 0.000000 3.255270 0.000 n/a n/a
70 25333.33 1366.42 100.000000 0.0000000000000000 0.009158 -1212932.822454 253.462617 30.717649 126.280148 -21.557858 1457.717261 -5.488 -5.488 0.000000 3.255458 0.000 n/a n/a
71 25333.33 1368.68 100.000000 0.0000000000000000 0.009157 -1212640.414117 253.640839 30.721643 126.299989 -21.559515 1458.822598 -5.476 -5.476 0.000000 3.255034 0.000 n/a n/a
72 25000.00 1368.68 100.000000 0.0000000000000000 0.009154 -1213567.330678 253.700107 30.731783 126.330102 -21.591155 1459.102958 -5.503 -5.503 0.000000 3.253960 0.000 n/a n/a
73 25000.00 1367.68 100.000000 0.0000000000000000 0.009155 -1213697.215095 253.620973 30.730002 126.321272 -21.590401 1458.611666 -5.508 -5.508 0.000000 3.254149 0.000 n/a n/a
74 25000.00 1366.68 100.000000 0.0000000000000000 0.009155 -1213827.078621 253.541803 30.728223 126.312435 -21.589649 1458.120422 -5.514 -5.514 0.000000 3.254337 0.000 n/a n/a
75 25000.00 1365.68 100.000000 0.0000000000000000 0.009156 -1213956.921373 253.462598 30.726445 126.303589 -21.588898 1457.629227 -5.519 -5.519 0.000000 3.254526 0.000 n/a n/a
76 25000.00 1367.93 100.000000 0.0000000000000000 0.009155 -1213664.615416 253.640839 30.730449 126.323489 -21.590590 1458.734978 -5.507 -5.507 0.000000 3.254101 0.000 n/a n/a
77 24666.67 1367.93 100.000000 0.0000000000000000 0.009152 -1214591.532097 253.700313 30.740685 126.353708 -21.622514 1459.023543 -5.534 -5.534 0.000000 3.253018 0.000 n/a n/a
78 24666.67 1366.93 100.000000 0.0000000000000000 0.009152 -1214721.478518 253.621106 30.738897 126.344844 -21.621744 1458.531644 -5.540 -5.540 0.000000 3.253207 0.000 n/a n/a
79 24666.67 1365.93 100.000000 0.0000000000000000 0.009153 -1214851.403632 253.541863 30.737111 126.335972 -21.620975 1458.039796 -5.545 -5.545 0.000000 3.253396 0.000 n/a n/a
80 24666.67 1364.93 100.000000 0.0000000000000000 0.009153 -1214981.307561 253.462584 30.735327 126.327092 -21.620208 1457.547997 -5.551 -5.551 0.000000 3.253585 0.000 n/a n/a
81 24666.67 1367.18 100.000000 0.0000000000000000 0.009152 -1214689.111700 253.640839 30.739342 126.347053 -21.621936 1458.654168 -5.539 -5.539 0.000000 3.253160 0.000 n/a n/a
82 24333.33 1367.18 100.000000 0.0000000000000000 0.009149 -1215616.019320 253.700528 30.749675 126.377381 -21.654156 1458.951277 -5.567 -5.567 0.000000 3.252067 0.000 n/a n/a
83 24333.33 1366.18 100.000000 0.0000000000000000 0.009149 -1215746.029097 253.621245 30.747882 126.368482 -21.653368 1458.458750 -5.572 -5.572 0.000000 3.252257 0.000 n/a n/a
84 24333.33 1365.18 100.000000 0.0000000000000000 0.009150 -1215876.017129 253.541927 30.746089 126.359576 -21.652582 1457.966274 -5.577 -5.577 0.000000 3.252446 0.000 n/a n/a
85 24333.33 1364.18 100.000000 0.0000000000000000 0.009151 -1216005.983548 253.462574 30.744299 126.350662 -21.651797 1457.473850 -5.583 -5.583 0.000000 3.252636 0.000 n/a n/a
86 24333.33 1366.42 100.000000 0.0000000000000000 0.009149 -1215713.905899 253.640839 30.748325 126.370682 -21.653563 1458.580448 -5.571 -5.571 0.000000 3.252210 0.000 n/a n/a
87 24000.00 1366.42 100.000000 0.0000000000000000 0.009146 -1216640.794748 253.700750 30.758760 126.401125 -21.686092 1458.886458 -5.599 -5.599 0.000000 3.251106 0.000 n/a n/a
88 24000.00 1365.42 100.000000 0.0000000000000000 0.009147 -1216770.869304 253.621392 30.756959 126.392191 -21.685286 1458.393278 -5.604 -5.604 0.000000 3.251297 0.000 n/a n/a
89 24000.00 1364.42 100.000000 0.0000000000000000 0.009147 -1216900.921656 253.541998 30.755160 126.383250 -21.684481 1457.900153 -5.610 -5.610 0.000000 3.251487 0.000 n/a n/a
90 24000.00 1363.42 100.000000 0.0000000000000000 0.009148 -1217030.951944 253.462570 30.753362 126.374301 -21.683678 1457.407080 -5.615 -5.615 0.000000 3.251677 0.000 n/a n/a
91 24000.00 1365.67 100.000000 0.0000000000000000 0.009147 -1216739.001051 253.640839 30.757400 126.394381 -21.685483 1458.514110 -5.603 -5.603 0.000000 3.251250 0.000 n/a n/a
92 23666.67 1365.67 100.000000 0.0000000000000000 0.009144 -1217665.860852 253.700981 30.767941 126.424944 -21.718334 1458.829399 -5.632 -5.632 0.000000 3.250136 0.000 n/a n/a
93 23666.67 1364.67 100.000000 0.0000000000000000 0.009144 -1217796.001686 253.621546 30.766133 126.415975 -21.717509 1458.335543 -5.637 -5.637 0.000000 3.250327 0.000 n/a n/a
94 23666.67 1363.67 100.000000 0.0000000000000000 0.009145 -1217926.119834 253.542075 30.764327 126.406998 -21.716686 1457.841742 -5.643 -5.643 0.000000 3.250518 0.000 n/a n/a
95 23666.67 1362.67 100.000000 0.0000000000000000 0.009145 -1218056.215444 253.462570 30.762522 126.398013 -21.715864 1457.347996 -5.648 -5.648 0.000000 3.250709 0.000 n/a n/a
96 23666.67 1364.91 100.000000 0.0000000000000000 0.009144 -1217764.400309 253.640839 30.766572 126.418154 -21.717710 1458.455466 -5.636 -5.636 0.000000 3.250281 0.000 n/a n/a
97 23333.33 1364.91 100.000000 0.0000000000000000 0.009141 -1218691.220178 253.701221 30.777222 126.448842 -21.750897 1458.780432 -5.665 -5.665 0.000000 3.249156 0.000 n/a n/a
98 23333.33 1363.91 100.000000 0.0000000000000000 0.009141 -1218821.428871 253.621707 30.775407 126.439838 -21.750052 1458.285873 -5.671 -5.671 0.000000 3.249348 0.000 n/a n/a
99 23333.33 1362.91 100.000000 0.0000000000000000 0.009142 -1218951.614370 253.542159 30.773594 126.430825 -21.749209 1457.791371 -5.676 -5.676 0.000000 3.249539 0.000 n/a n/a
100 23333.33 1361.91 100.000000 0.0000000000000000 0.009142 -1219081.776834 253.462576 30.771782 126.421804 -21.748368 1457.296927 -5.681 -5.681 0.000000 3.249731 0.000 n/a n/a
101 23333.33 1364.15 100.000000 0.0000000000000000 0.009141 -1218790.106951 253.640839 30.775844 126.442005 -21.750255 1458.404843 -5.669 -5.669 0.000000 3.249302 0.000 n/a n/a
102 23000.00 1364.15 100.000000 0.0000000000000000 0.009138 -1219716.875346 253.701471 30.786608 126.472825 -21.783794 1458.739909 -5.699 -5.699 0.000000 3.248166 0.000 n/a n/a
103 23000.00 1363.15 100.000000 0.0000000000000000 0.009139 -1219847.153566 253.621877 30.784786 126.463784 -21.782929 1458.244620 -5.704 -5.704 0.000000 3.248358 0.000 n/a n/a
104 23000.00 1362.15 100.000000 0.0000000000000000 0.009139 -1219977.408059 253.542250 30.782965 126.454734 -21.782065 1457.749389 -5.710 -5.710 0.000000 3.248550 0.000 n/a n/a
105 23000.00 1361.15 100.000000 0.0000000000000000 0.009140 -1220107.638993 253.462588 30.781146 126.445677 -21.781204 1457.254219 -5.715 -5.715 0.000000 3.248742 0.000 n/a n/a
106 23000.00 1363.39 100.000000 0.0000000000000000 0.009138 -1219816.124383 253.640839 30.785220 126.465938 -21.783135 1458.362589 -5.703 -5.703 0.000000 3.248312 0.000 n/a n/a
107 22666.67 1363.39 100.000000 0.0000000000000000 0.009135 -1220742.829055 253.701730 30.796104 126.496896 -21.817040 1458.708202 -5.733 -5.733 0.000000 3.247164 0.000 n/a n/a
108 22666.67 1362.39 100.000000 0.0000000000000000 0.009136 -1220873.178567 253.622056 30.794273 126.487818 -21.816154 1458.212153 -5.739 -5.739 0.000000 3.247357 0.000 n/a n/a
109 22666.67 1361.39 100.000000 0.0000000000000000 0.009136 -1221003.503788 253.542348 30.792444 126.478731 -21.815269 1457.716165 -5.744 -5.744 0.000000 3.247550 0.000 n/a n/a
110 22666.67 1360.39 100.000000 0.0000000000000000 0.009137 -1221133.804898 253.462607 30.790617 126.469637 -21.814386 1457.220239 -5.749 -5.749 0.000000 3.247743 0.000 n/a n/a
111 22666.67 1362.62 100.000000 0.0000000000000000 0.009136 -1220842.456147 253.640839 30.794704 126.489958 -21.816362 1458.329071 -5.737 -5.737 0.000000 3.247312 0.000 n/a n/a
112 22333.33 1362.62 100.000000 0.0000000000000000 0.009132 -1221769.084088 253.702000 30.805712 126.521061 -21.850651 1458.685705 -5.768 -5.768 0.000000 3.246151 0.000 n/a n/a
113 22333.33 1361.62 100.000000 0.0000000000000000 0.009133 -1221899.506755 253.622244 30.803873 126.511945 -21.849743 1458.188866 -5.773 -5.773 0.000000 3.246345 0.000 n/a n/a
114 22333.33 1360.62 100.000000 0.0000000000000000 0.009133 -1222029.904538 253.542455 30.802036 126.502821 -21.848836 1457.692090 -5.779 -5.779 0.000000 3.246539 0.000 n/a n/a
115 22333.33 1359.62 100.000000 0.0000000000000000 0.009134 -1222160.277627 253.462632 30.800201 126.493689 -21.847932 1457.195379 -5.784 -5.784 0.000000 3.246732 0.000 n/a n/a
116 22333.33 1361.86 100.000000 0.0000000000000000 0.009133 -1221869.105932 253.640839 30.804302 126.514071 -21.849954 1458.304679 -5.772 -5.772 0.000000 3.246300 0.000 n/a n/a
117 22000.00 1361.86 100.000000 0.0000000000000000 0.009129 -1222795.643310 253.702281 30.815439 126.545325 -21.884644 1458.672837 -5.803 -5.803 0.000000 3.245127 0.000 n/a n/a
118 22000.00 1360.86 100.000000 0.0000000000000000 0.009130 -1222926.141107 253.622442 30.813592 126.536170 -21.883713 1458.175175 -5.809 -5.809 0.000000 3.245321 0.000 n/a n/a
119 22000.00 1359.86 100.000000 0.0000000000000000 0.009131 -1223056.613391 253.542569 30.811746 126.527008 -21.882784 1457.677579 -5.814 -5.814 0.000000 3.245516 0.000 n/a n/a
120 22000.00 1358.86 100.000000 0.0000000000000000 0.009131 -1223187.060367 253.462663 30.809902 126.517838 -21.881856 1457.180050 -5.819 -5.819 0.000000 3.245710 0.000 n/a n/a
121 22000.00 1361.09 100.000000 0.0000000000000000 0.009130 -1222896.077580 253.640839 30.814017 126.538280 -21.883927 1458.289827 -5.807 -5.807 0.000000 3.245276 0.000 n/a n/a
122 21666.67 1361.09 100.000000 0.0000000000000000 0.009127 -1223822.509675 253.702574 30.825289 126.569693 -21.919038 1458.670043 -5.839 -5.839 0.000000 3.244090 0.000 n/a n/a
123 21666.67 1360.09 100.000000 0.0000000000000000 0.009127 -1223953.084692 253.622650 30.823433 126.560500 -21.918082 1458.171523 -5.844 -5.844 0.000000 3.244285 0.000 n/a n/a
124 21666.67 1359.09 100.000000 0.0000000000000000 0.009128 -1224083.633533 253.542693 30.821578 126.551299 -21.917129 1457.673073 -5.850 -5.850 0.000000 3.244480 0.000 n/a n/a
125 21666.67 1358.09 100.000000 0.0000000000000000 0.009128 -1224214.156415 253.462703 30.819725 126.542090 -21.916178 1457.174692 -5.855 -5.855 0.000000 3.244675 0.000 n/a n/a
126 21666.67 1360.32 100.000000 0.0000000000000000 0.009127 -1223923.375097 253.640839 30.823855 126.562593 -21.918300 1458.284954 -5.843 -5.843 0.000000 3.244241 0.000 n/a n/a
127 21333.33 1360.32 100.000000 0.0000000000000000 0.009124 -1224849.686224 253.702879 30.835268 126.594172 -21.953850 1458.677795 -5.875 -5.875 0.000000 3.243040 0.000 n/a n/a
128 21333.33 1359.32 100.000000 0.0000000000000000 0.009124 -1224980.340680 253.622869 30.833402 126.584940 -21.952870 1458.178382 -5.881 -5.881 0.000000 3.243236 0.000 n/a n/a
129 21333.33 1358.32 100.000000 0.0000000000000000 0.009125 -1225110.968257 253.542826 30.831538 126.575699 -21.951892 1457.679041 -5.886 -5.886 0.000000 3.243432 0.000 n/a n/a
130 21333.33 1357.32 100.000000 0.0000000000000000 0.009125 -1225241.569186 253.462750 30.829676 126.566451 -21.950915 1457.179771 -5.891 -5.891 0.000000 3.243628 0.000 n/a n/a
131 21333.33 1359.54 100.000000 0.0000000000000000 0.009124 -1224951.002662 253.640839 30.833821 126.587014 -21.953090 1458.290526 -5.879 -5.879 0.000000 3.243192 0.000 n/a n/a
132 21000.00 1359.54 100.000000 0.0000000000000000 0.009121 -1225877.176095 253.703198 30.845381 126.618769 -21.989103 1458.696596 -5.912 -5.912 0.000000 3.241976 0.000 n/a n/a
133 21000.00 1358.54 100.000000 0.0000000000000000 0.009121 -1226007.912346 253.623099 30.843505 126.609496 -21.988096 1458.196251 -5.917 -5.917 0.000000 3.242174 0.000 n/a n/a
134 21000.00 1357.54 100.000000 0.0000000000000000 0.009122 -1226138.620972 253.542969 30.841632 126.600215 -21.987091 1457.695980 -5.923 -5.923 0.000000 3.242371 0.000 n/a n/a
135 21000.00 1356.54 100.000000 0.0000000000000000 0.009122 -1226269.302220 253.462805 30.839760 126.590926 -21.986089 1457.195783 -5.928 -5.928 0.000000 3.242567 0.000 n/a n/a
136 21000.00 1358.76 100.000000 0.0000000000000000 0.009121 -1225978.964638 253.640839 30.843921 126.611550 -21.988319 1458.307040 -5.916 -5.916 0.000000 3.242130 0.000 n/a n/a
137 20666.67 1358.76 100.000000 0.0000000000000000 0.009118 -1226904.982518 253.703531 30.855635 126.643490 -22.024816 1458.726983 -5.949 -5.949 0.000000 3.240899 0.000 n/a n/a
138 20666.67 1357.76 100.000000 0.0000000000000000 0.009118 -1227035.803068 253.623342 30.853749 126.634176 -22.023782 1458.225663 -5.955 -5.955 0.000000 3.241097 0.000 n/a n/a
139 20666.67 1356.76 100.000000 0.0000000000000000 0.009119 -1227166.595201 253.543122 30.851865 126.624854 -22.022750 1457.724422 -5.960 -5.960 0.000000 3.241295 0.000 n/a n/a
140 20666.67 1355.76 100.000000 0.0000000000000000 0.009119 -1227297.359181 253.462870 30.849984 126.615524 -22.021720 1457.223257 -5.965 -5.965 0.000000 3.241493 0.000 n/a n/a
141 20666.67 1357.98 100.000000 0.0000000000000000 0.009118 -1227007.265587 253.640839 30.854160 126.636208 -22.024007 1458.335025 -5.953 -5.953 0.000000 3.241054 0.000 n/a n/a
142 20333.33 1357.98 100.000000 0.0000000000000000 0.009114 -1227933.108822 253.703879 30.866036 126.668342 -22.061013 1458.769526 -5.987 -5.987 0.000000 3.239807 0.000 n/a n/a
143 20333.33 1356.98 100.000000 0.0000000000000000 0.009115 -1228064.016337 253.623599 30.864139 126.658986 -22.059951 1458.267189 -5.993 -5.993 0.000000 3.240006 0.000 n/a n/a
144 20333.33 1355.98 100.000000 0.0000000000000000 0.009116 -1228194.894592 253.543287 30.862245 126.649622 -22.058890 1457.764932 -5.998 -5.998 0.000000 3.240205 0.000 n/a n/a
145 20333.33 1354.98 100.000000 0.0000000000000000 0.009116 -1228325.743871 253.462944 30.860353 126.640251 -22.057832 1457.262757 -6.003 -6.003 0.000000 3.240404 0.000 n/a n/a
146 20333.33 1357.19 100.000000 0.0000000000000000 0.009115 -1228035.910278 253.640839 30.864546 126.660995 -22.060179 1458.375044 -5.991 -5.991 0.000000 3.239963 0.000 n/a n/a
147 20000.00 1357.19 100.000000 0.0000000000000000 0.009111 -1228961.558437 253.704243 30.876591 126.693333 -22.097720 1458.824836 -6.026 -6.026 0.000000 3.238700 0.000 n/a n/a
148 20000.00 1356.19 100.000000 0.0000000000000000 0.009112 -1229092.555758 253.623869 30.874683 126.683935 -22.096627 1458.321434 -6.031 -6.031 0.000000 3.238900 0.000 n/a n/a
149 20000.00 1355.19 100.000000 0.0000000000000000 0.009112 -1229223.522919 253.543464 30.872778 126.674528 -22.095537 1457.818116 -6.036 -6.036 0.000000 3.239100 0.000 n/a n/a
150 20000.00 1354.19 100.000000 0.0000000000000000 0.009113 -1229354.460229 253.463028 30.870874 126.665114 -22.094449 1457.314883 -6.042 -6.042 0.000000 3.239299 0.000 n/a n/a
151 20000.00 1356.41 100.000000 0.0000000000000000 0.009112 -1229064.903705 253.640839 30.875086 126.685919 -22.096858 1458.427699 -6.030 -6.030 0.000000 3.238857 0.000 n/a n/a
152 19666.67 1356.41 100.000000 0.0000000000000000 0.009108 -1229990.334895 253.704624 30.887307 126.718472 -22.134962 1458.893563 -6.065 -6.065 0.000000 3.237576 0.000 n/a n/a
153 19666.67 1355.41 100.000000 0.0000000000000000 0.009109 -1230121.425051 253.624154 30.885388 126.709030 -22.133838 1458.389047 -6.070 -6.070 0.000000 3.237777 0.000 n/a n/a
154 19666.67 1354.41 100.000000 0.0000000000000000 0.009109 -1230252.484091 253.543654 30.883471 126.699580 -22.132716 1457.884619 -6.075 -6.075 0.000000 3.237978 0.000 n/a n/a
155 19666.67 1353.41 100.000000 0.0000000000000000 0.009110 -1230383.512344 253.463123 30.881556 126.690122 -22.131597 1457.380278 -6.081 -6.081 0.000000 3.238179 0.000 n/a n/a
156 19666.67 1355.61 100.000000 0.0000000000000000 0.009109 -1230094.251099 253.640839 30.885786 126.710988 -22.134070 1458.493632 -6.069 -6.069 0.000000 3.237735 0.000 n/a n/a
157 19333.33 1355.61 100.000000 0.0000000000000000 0.009105 -1231019.441833 253.705024 30.898193 126.743768 -22.172767 1458.976407 -6.104 -6.104 0.000000 3.236435 0.000 n/a n/a
158 19333.33 1354.61 100.000000 0.0000000000000000 0.009106 -1231150.628061 253.624456 30.896262 126.734281 -22.171610 1458.470722 -6.110 -6.110 0.000000 3.236638 0.000 n/a n/a
159 19333.33 1353.61 100.000000 0.0000000000000000 0.009106 -1231281.782150 253.543858 30.894332 126.724787 -22.170456 1457.965130 -6.115 -6.115 0.000000 3.236840 0.000 n/a n/a
160 19333.33 1352.61 100.000000 0.0000000000000000 0.009107 -1231412.904457 253.463230 30.892405 126.715285 -22.169304 1457.459630 -6.120 -6.120 0.000000 3.237042 0.000 n/a n/a
161 19333.33 1354.82 100.000000 0.0000000000000000 0.009105 -1231123.957947 253.640839 30.896654 126.736211 -22.171845 1458.573530 -6.109 -6.109 0.000000 3.236596 0.000 n/a n/a
162 19000.00 1354.82 100.000000 0.0000000000000000 0.009102 -1232048.882990 253.705443 30.909257 126.769230 -22.211167 1459.074112 -6.145 -6.145 0.000000 3.235277 0.000 n/a n/a
163 19000.00 1353.82 100.000000 0.0000000000000000 0.009102 -1232180.168754 253.624774 30.907313 126.759698 -22.209975 1458.567203 -6.150 -6.150 0.000000 3.235480 0.000 n/a n/a
164 19000.00 1352.82 100.000000 0.0000000000000000 0.009103 -1232311.421286 253.544076 30.905371 126.750158 -22.208786 1458.060391 -6.155 -6.155 0.000000 3.235684 0.000 n/a n/a
165 19000.00 1351.82 100.000000 0.0000000000000000 0.009103 -1232442.640967 253.463349 30.903431 126.740610 -22.207600 1457.553674 -6.161 -6.161 0.000000 3.235887 0.000 n/a n/a
166 19000.00 1354.02 100.000000 0.0000000000000000 0.009102 -1232154.030010 253.640839 30.907700 126.761596 -22.210212 1458.668131 -6.149 -6.149 0.000000 3.235440 0.000 n/a n/a
167 18666.67 1354.02 100.000000 0.0000000000000000 0.009098 -1233078.662215 253.705883 30.920509 126.794869 -22.250192 1459.187482 -6.186 -6.186 0.000000 3.234099 0.000 n/a n/a
168 18666.67 1353.02 100.000000 0.0000000000000000 0.009099 -1233210.051226 253.625111 30.918551 126.785290 -22.248964 1458.679287 -6.191 -6.191 0.000000 3.234304 0.000 n/a n/a
169 18666.67 1352.02 100.000000 0.0000000000000000 0.009100 -1233341.405830 253.544311 30.916595 126.775703 -22.247739 1458.171193 -6.196 -6.196 0.000000 3.234509 0.000 n/a n/a
170 18666.67 1351.02 100.000000 0.0000000000000000 0.009100 -1233472.726443 253.463481 30.914642 126.766109 -22.246517 1457.663200 -6.202 -6.202 0.000000 3.234713 0.000 n/a n/a
171 18666.67 1353.21 100.000000 0.0000000000000000 0.009099 -1233184.473341 253.640839 30.918932 126.787155 -22.249203 1458.778221 -6.190 -6.190 0.000000 3.234264 0.000 n/a n/a
172 18333.33 1353.21 100.000000 0.0000000000000000 0.009095 -1234108.783461 253.706346 30.931957 126.820695 -22.289880 1459.317376 -6.228 -6.228 0.000000 3.232902 0.000 n/a n/a
173 18333.33 1352.21 100.000000 0.0000000000000000 0.009096 -1234240.279699 253.625468 30.929985 126.811068 -22.288613 1458.807830 -6.233 -6.233 0.000000 3.233109 0.000 n/a n/a
174 18333.33 1351.21 100.000000 0.0000000000000000 0.009096 -1234371.740271 253.544562 30.928016 126.801434 -22.287350 1458.298389 -6.238 -6.238 0.000000 3.233314 0.000 n/a n/a
175 18333.33 1350.21 100.000000 0.0000000000000000 0.009097 -1234503.165627 253.463628 30.926048 126.791792 -22.286089 1457.789054 -6.243 -6.243 0.000000 3.233520 0.000 n/a n/a
176 18333.33 1352.40 100.000000 0.0000000000000000 0.009095 -1234215.294306 253.640839 30.930360 126.812898 -22.288854 1458.904650 -6.232 -6.232 0.000000 3.233069 0.000 n/a n/a
177 18000.00 1352.40 100.000000 0.0000000000000000 0.009092 -1235139.250788 253.706833 30.943613 126.846721 -22.330266 1459.464719 -6.270 -6.270 0.000000 3.231685 0.000 n/a n/a
178 18000.00 1351.40 100.000000 0.0000000000000000 0.009092 -1235270.858530 253.625846 30.941626 126.837045 -22.328959 1458.953751 -6.275 -6.275 0.000000 3.231892 0.000 n/a n/a
179 18000.00 1350.40 100.000000 0.0000000000000000 0.009093 -1235402.429251 253.544832 30.939642 126.827362 -22.327655 1458.442895 -6.281 -6.281 0.000000 3.232099 0.000 n/a n/a
180 18000.00 1349.40 100.000000 0.0000000000000000 0.009093 -1235533.963440 253.463790 30.937660 126.817671 -22.326355 1457.932149 -6.286 -6.286 0.000000 3.232307 0.000 n/a n/a
181 18000.00 1351.59 100.000000 0.0000000000000000 0.009092 -1235246.499613 253.640839 30.941994 126.838837 -22.329201 1459.048327 -6.274 -6.274 0.000000 3.231854 0.000 n/a n/a
182 17666.67 1351.59 100.000000 0.0000000000000000 0.009082 -1236116.672198 253.740298 30.976245 126.915736 -22.421388 1462.004015 -6.404 -6.404 0.000000 3.228280 0.000 n/a n/a
183 17666.67 1350.59 100.000000 0.0000000000000000 0.009083 -1236254.823899 253.655241 30.971773 126.900939 -22.414090 1461.210381 -6.399 -6.399 0.000000 3.228746 0.000 n/a n/a
184 17666.67 1349.59 100.000000 0.0000000000000000 0.009085 -1236392.829098 253.570223 30.967338 126.886199 -22.406878 1460.420450 -6.394 -6.394 0.000000 3.229209 0.000 n/a n/a
185 17666.67 1348.59 100.000000 0.0000000000000000 0.009086 -1236530.689975 253.485241 30.962939 126.871518 -22.399750 1459.634177 -6.389 -6.389 0.000000 3.229668 0.000 n/a n/a
186 17666.67 1350.42 100.000000 0.0000000000000000 0.009084 -1236278.208113 253.640839 30.971019 126.898438 -22.412863 1461.076331 -6.398 -6.398 0.000000 3.228825 0.000 n/a n/a
187 17333.33 1350.42 100.000000 0.0000000000000000 0.009062 -1237051.997192 253.800819 31.043028 127.052077 -22.596751 1468.218990 -6.666 -6.666 0.000000 3.221335 0.000 n/a n/a
188 17333.33 1349.42 100.000000 0.0000000000000000 0.009064 -1237192.179497 253.714450 31.037873 127.035933 -22.587775 1467.355433 -6.660 -6.660 0.000000 3.221870 0.000 n/a n/a
189 17333.33 1348.42 100.000000 0.0000000000000000 0.009065 -1237332.186865 253.628136 31.032763 127.019861 -22.578905 1466.496426 -6.654 -6.654 0.000000 3.222401 0.000 n/a n/a
190 17333.33 1347.42 100.000000 0.0000000000000000 0.009067 -1237472.022099 253.541875 31.027697 127.003863 -22.570138 1465.641907 -6.648 -6.648 0.000000 3.222927 0.000 n/a n/a
191 17333.33 1348.56 100.000000 0.0000000000000000 0.009065 -1237311.586787 253.640839 31.033512 127.022223 -22.580204 1466.622600 -6.655 -6.655 0.000000 3.222323 0.000 n/a n/a
192 17000.00 1348.56 100.000000 0.0000000000000000 0.009056 -1238197.673819 253.732800 31.064272 127.093455 -22.660409 1469.118281 -6.751 -6.751 0.000000 3.219132 0.000 n/a n/a
193 17000.00 1347.56 100.000000 0.0000000000000000 0.009057 -1238328.538509 253.652080 31.062630 127.084270 -22.660258 1468.643127 -6.758 -6.758 0.000000 3.219302 0.000 n/a n/a
194 17000.00 1346.56 100.000000 0.0000000000000000 0.009057 -1238459.366295 253.571332 31.060990 127.075074 -22.660107 1468.167962 -6.766 -6.766 0.000000 3.219472 0.000 n/a n/a
195 17000.00 1345.56 100.000000 0.0000000000000000 0.009058 -1238590.157785 253.490558 31.059352 127.065870 -22.659957 1467.692784 -6.773 -6.773 0.000000 3.219642 0.000 n/a n/a
196 17000.00 1347.42 100.000000 0.0000000000000000 0.009057 -1238346.755539 253.640839 31.062402 127.082990 -22.660237 1468.576972 -6.759 -6.759 0.000000 3.219326 0.000 n/a n/a
197 16666.67 1347.42 100.000000 0.0000000000000000 0.009054 -1239293.543233 253.695611 31.070544 127.109190 -22.683637 1468.573296 -6.772 -6.772 0.000000 3.218482 0.000 n/a n/a
198 16666.67 1346.42 100.000000 0.0000000000000000 0.009055 -1239424.475677 253.614792 31.068899 127.099977 -22.683484 1468.098206 -6.780 -6.780 0.000000 3.218653 0.000 n/a n/a
199 16666.67 1345.42 100.000000 0.0000000000000000 0.009055 -1239555.369844 253.533947 31.067257 127.090754 -22.683332 1467.623103 -6.787 -6.787 0.000000 3.218823 0.000 n/a n/a
200 16666.67 1344.42 100.000000 0.0000000000000000 0.009056 -1239686.226395 253.453075 31.065616 127.081522 -22.683180 1467.147988 -6.794 -6.794 0.000000 3.218993 0.000 n/a n/a
201 16666.67 1346.75 100.000000 0.0000000000000000 0.009055 -1239382.286005 253.640839 31.069429 127.102947 -22.683533 1468.251308 -6.777 -6.777 0.000000 3.218598 0.000 n/a n/a
202 16333.33 1346.75 100.000000 0.0000000000000000 0.009052 -1240329.150114 253.695731 31.077592 127.129139 -22.706944 1468.247364 -6.790 -6.790 0.000000 3.217753 0.000 n/a n/a
203 16333.33 1345.75 100.000000 0.0000000000000000 0.009053 -1240460.171422 253.614824 31.075944 127.119902 -22.706790 1467.772346 -6.797 -6.797 0.000000 3.217923 0.000 n/a n/a
204 16333.33 1344.75 100.000000 0.0000000000000000 0.009053 -1240591.152625 253.533891 31.074297 127.110656 -22.706635 1467.297315 -6.805 -6.805 0.000000 3.218094 0.000 n/a n/a
205 16333.33 1343.75 100.000000 0.0000000000000000 0.009054 -1240722.094455 253.452933 31.072653 127.101400 -22.706482 1466.822270 -6.812 -6.812 0.000000 3.218264 0.000 n/a n/a
206 16333.33 1346.07 100.000000 0.0000000000000000 0.009053 -1240418.050992 253.640839 31.076473 127.122873 -22.706839 1467.925071 -6.795 -6.795 0.000000 3.217868 0.000 n/a n/a
207 16000.00 1346.07 100.000000 0.0000000000000000 0.009050 -1241364.979612 253.695860 31.084658 127.149055 -22.730261 1467.920847 -6.808 -6.808 0.000000 3.217021 0.000 n/a n/a
208 16000.00 1345.07 100.000000 0.0000000000000000 0.009051 -1241496.094192 253.614861 31.083006 127.139795 -22.730105 1467.445905 -6.815 -6.815 0.000000 3.217192 0.000 n/a n/a
209 16000.00 1344.07 100.000000 0.0000000000000000 0.009051 -1241627.166647 253.533837 31.081356 127.130525 -22.729949 1466.970948 -6.823 -6.823 0.000000 3.217363 0.000 n/a n/a
210 16000.00 1343.07 100.000000 0.0000000000000000 0.009052 -1241758.197788 253.452790 31.079708 127.121246 -22.729793 1466.495976 -6.830 -6.830 0.000000 3.217533 0.000 n/a n/a
211 16000.00 1345.39 100.000000 0.0000000000000000 0.009051 -1241454.051082 253.640839 31.083535 127.142766 -22.730155 1467.598218 -6.813 -6.813 0.000000 3.217137 0.000 n/a n/a
212 15666.67 1345.39 100.000000 0.0011081613206825 0.001268 -1242344.631071 253.730875 31.097820 127.204965 -22.878493 1469.246408 -6.719 -6.719 2.811194 3.216173 1.227 n/a n/a
213 15666.67 1344.39 100.000000 0.0007287837000301 0.000834 -1242495.106663 253.637876 31.094098 127.183314 -22.835772 1468.207041 -6.756 -6.756 2.809492 3.216384 1.237 n/a n/a
214 15666.67 1343.39 100.000000 0.0003573318864475 0.000409 -1242645.181094 253.545068 31.090406 127.161946 -22.793742 1467.178147 -6.793 -6.793 2.807805 3.216594 1.247 n/a n/a
215 15666.67 1342.39 100.000000 0.0000000000000000 0.000409 -1242794.537015 253.452647 31.086780 127.141060 -22.753115 1466.169064 -6.848 -6.848 0.000000 3.216801 0.000 n/a n/a
216 15666.67 1344.42 100.000000 0.0007407551215381 0.000848 -1242490.315400 253.640838 31.094216 127.183999 -22.837123 1468.240014 -6.755 -6.755 2.809546 3.216377 1.237 n/a n/a
217 15333.33 1344.42 100.000000 0.0030272669578282 0.003462 -1243322.673186 253.767237 31.114978 127.284503 -23.119694 1471.652748 -6.634 -6.634 2.810329 3.215288 1.245 n/a n/a
218 15333.33 1343.42 100.000000 0.0026156331252682 0.002993 -1243474.542867 253.673320 31.111114 127.261686 -23.073653 1470.567714 -6.670 -6.670 2.808593 3.215504 1.255 n/a n/a
219 15333.33 1342.42 100.000000 0.0022131838089828 0.002535 -1243625.953908 253.579629 31.107285 127.239198 -23.028423 1469.494852 -6.707 -6.707 2.806870 3.215717 1.265 n/a n/a
220 15333.33 1341.42 100.000000 0.0018195386166744 0.002085 -1243776.924464 253.486153 31.103492 127.217026 -22.983971 1468.433666 -6.743 -6.743 2.805162 3.215930 1.276 n/a n/a
221 15333.33 1343.07 100.000000 0.0024751979147271 0.002833 -1243527.045159 253.640839 31.109784 127.253859 -23.057895 1470.194705 -6.683 -6.683 2.807995 3.215578 1.259 n/a n/a
222 15000.00 1343.07 100.000000 0.0049459388140841 0.005656 -1244352.558009 253.771909 31.131562 127.360359 -23.363238 1473.888912 -6.560 -6.560 2.808998 3.214467 1.266 n/a n/a
223 15000.00 1342.07 100.000000 0.0045003013558402 0.005150 -1244505.873763 253.677020 31.127546 127.336318 -23.313638 1472.755705 -6.597 -6.597 2.807232 3.214687 1.277 n/a n/a
224 15000.00 1341.07 100.000000 0.0040651864213946 0.004656 -1244658.670645 253.582392 31.123571 127.312655 -23.264978 1471.636484 -6.633 -6.633 2.805479 3.214905 1.287 n/a n/a
225 15000.00 1340.07 100.000000 0.0036401545766612 0.004172 -1244810.969436 253.488015 31.119635 127.289354 -23.217219 1470.530674 -6.669 -6.669 2.803739 3.215122 1.297 n/a n/a
226 15000.00 1341.69 100.000000 0.0043328573126537 0.004960 -1244564.306620 253.640839 31.126022 127.327235 -23.294940 1472.326511 -6.610 -6.610 2.806560 3.214771 1.281 n/a n/a
227 14666.67 1341.69 100.000000 0.0070173222040148 0.008023 -1245381.779790 253.777347 31.148970 127.440721 -23.626539 1476.341939 -6.487 -6.487 2.807793 3.213635 1.287 n/a n/a
228 14666.67 1340.69 100.000000 0.0065322749805658 0.007475 -1245536.770246 253.681339 31.144775 127.415267 -23.572801 1475.153167 -6.523 -6.523 2.805997 3.213860 1.297 n/a n/a
229 14666.67 1339.69 100.000000 0.0060593241359516 0.006939 -1245691.171574 253.585636 31.140629 127.390248 -23.520156 1473.980519 -6.559 -6.559 2.804213 3.214083 1.308 n/a n/a
230 14666.67 1338.69 100.000000 0.0055979597111728 0.006415 -1245845.007679 253.490224 31.136528 127.365645 -23.468560 1472.823327 -6.595 -6.595 2.802443 3.214304 1.319 n/a n/a
231 14666.67 1340.27 100.000000 0.0063308650998940 0.007247 -1245602.121708 253.640839 31.143016 127.404637 -23.550412 1474.655443 -6.538 -6.538 2.805241 3.213955 1.302 n/a n/a
232 14333.33 1340.27 100.000000 0.0092642748805480 0.010590 -1246410.134470 253.783696 31.167313 127.526291 -23.912435 1479.039602 -6.413 -6.413 2.806709 3.212790 1.307 n/a n/a
233 14333.33 1339.27 100.000000 0.0087334146689512 0.009992 -1246567.068420 253.686398 31.162910 127.499202 -23.853867 1477.786506 -6.449 -6.449 2.804884 3.213021 1.318 n/a n/a
234 14333.33 1338.27 100.000000 0.0082165095838266 0.009408 -1246723.330949 253.589456 31.158563 127.472614 -23.796576 1476.552058 -6.485 -6.485 2.803071 3.213249 1.329 n/a n/a
235 14333.33 1337.27 100.000000 0.0077129650934408 0.008838 -1246878.949680 253.492853 31.154270 127.446506 -23.740507 1475.335478 -6.521 -6.521 2.801271 3.213476 1.340 n/a n/a
236 14333.33 1338.80 100.000000 0.0084890214817375 0.009716 -1246640.517170 253.640839 31.160862 127.486658 -23.826813 1477.204647 -6.466 -6.466 2.804031 3.213128 1.323 n/a n/a
237 14000.00 1338.80 100.000000 0.0117135757217075 0.013387 -1247437.374914 253.791131 31.186727 127.617896 -24.224269 1482.014480 -6.340 -6.340 2.805738 3.211930 1.327 n/a n/a
238 14000.00 1337.80 100.000000 0.0111292977835432 0.012729 -1247596.569231 253.692341 31.182079 127.588907 -24.160043 1480.686659 -6.375 -6.375 2.803886 3.212167 1.338 n/a n/a
239 14000.00 1336.80 100.000000 0.0105611788608761 0.012089 -1247754.995329 253.593968 31.177497 127.560499 -24.097312 1479.380476 -6.411 -6.411 2.802045 3.212402 1.349 n/a n/a
240 14000.00 1335.80 100.000000 0.0100085225922077 0.011466 -1247912.685283 253.495990 31.172978 127.532646 -24.036013 1478.095019 -6.446 -6.446 2.800215 3.212635 1.360 n/a n/a
241 14000.00 1337.28 100.000000 0.0108301885755087 0.012392 -1247679.523264 253.640839 31.179675 127.573978 -24.127051 1480.000857 -6.394 -6.394 2.802921 3.212291 1.344 n/a n/a
242 13666.67 1337.28 100.000000 0.0143966049914531 0.016447 -1248463.199063 253.799866 31.207370 127.716502 -24.565983 1485.304772 -6.268 -6.268 2.804868 3.211052 1.346 n/a n/a
243 13666.67 1336.28 100.000000 0.0137498554855406 0.015721 -1248625.028206 253.699346 31.202433 127.685301 -24.495101 1483.889859 -6.303 -6.303 2.802992 3.211297 1.358 n/a n/a
244 13666.67 1335.28 100.000000 0.0131218882653150 0.015016 -1248785.974807 253.599313 31.197574 127.654773 -24.425980 1482.500138 -6.338 -6.338 2.801125 3.211540 1.369 n/a n/a
245 13666.67 1334.28 100.000000 0.0125118838275816 0.014329 -1248946.076298 253.499743 31.192788 127.624890 -24.358542 1481.134534 -6.373 -6.373 2.799268 3.211780 1.381 n/a n/a
246 13666.67 1335.69 100.000000 0.0133807055173098 0.015307 -1248719.174336 253.640839 31.199585 127.667383 -24.454505 1483.074853 -6.323 -6.323 2.801900 3.211440 1.364 n/a n/a
247 13333.33 1335.69 100.000000 0.0173501096471277 0.019813 -1249487.237775 253.810161 31.229430 127.823240 -24.942231 1488.955187 -6.197 -6.197 2.804084 3.210153 1.366 n/a n/a
248 13333.33 1334.69 100.000000 0.0166300862096385 0.019007 -1249652.145188 253.707628 31.224152 127.789453 -24.863494 1487.438463 -6.232 -6.232 2.802186 3.210408 1.377 n/a n/a
249 13333.33 1333.69 100.000000 0.0159319795117014 0.018224 -1249816.034497 253.605665 31.218964 127.756452 -24.786836 1485.951164 -6.266 -6.266 2.800297 3.210660 1.389 n/a n/a
250 13333.33 1332.69 100.000000 0.0152548204116977 0.017464 -1249978.949605 253.504245 31.213865 127.724202 -24.712166 1484.492022 -6.301 -6.301 2.798416 3.210908 1.401 n/a n/a
251 13333.33 1334.04 100.000000 0.0161708164137779 0.018492 -1249759.509489 253.640839 31.220747 127.767770 -24.813099 1486.461902 -6.254 -6.254 2.800949 3.210573 1.385 n/a n/a
252 13000.00 1334.04 100.000000 0.0206170589186612 0.023532 -1250509.040107 253.822330 31.253130 127.939429 -25.358512 1493.017914 -6.129 -6.129 2.803364 3.209230 1.385 n/a n/a
253 13000.00 1333.04 100.000000 0.0198108487525620 0.022631 -1250677.551863 253.717449 31.247446 127.902614 -25.270468 1491.381846 -6.162 -6.162 2.801449 3.209496 1.397 n/a n/a
254 13000.00 1332.04 100.000000 0.0190303149613824 0.021758 -1250844.884131 253.613237 31.241870 127.866718 -25.184890 1489.780262 -6.196 -6.196 2.799541 3.209758 1.409 n/a n/a
255 13000.00 1331.04 100.000000 0.0182743055959128 0.020912 -1251011.088677 253.509662 31.236397 127.831699 -25.101668 1488.211660 -6.230 -6.230 2.797640 3.210017 1.420 n/a n/a
256 13000.00 1332.30 100.000000 0.0192350909853556 0.021987 -1250800.573356 253.640839 31.243340 127.876160 -25.207375 1490.202169 -6.187 -6.187 2.800047 3.209689 1.405 n/a n/a
257 12666.67 1332.30 100.000000 0.0242475866794717 0.027660 -1251528.055502 253.836759 31.278733 128.066602 -25.821317 1497.553651 -6.063 -6.063 2.802680 3.208279 1.404 n/a n/a
258 12666.67 1331.30 100.000000 0.0233397290448764 0.026648 -1251700.796653 253.729129 31.272565 128.026231 -25.722207 1495.777347 -6.095 -6.095 2.800754 3.208558 1.416 n/a n/a
259 12666.67 1330.30 100.000000 0.0224620749334856 0.025668 -1251872.165416 253.622287 31.266527 127.986938 -25.626035 1494.041589 -6.128 -6.128 2.798832 3.208832 1.428 n/a n/a
260 12666.67 1329.30 100.000000 0.0216132476647332 0.024720 -1252042.223171 253.516197 31.260611 127.948675 -25.532668 1492.344587 -6.161 -6.161 2.796916 3.209103 1.440 n/a n/a
261 12666.67 1330.48 100.000000 0.0226128102784545 0.025836 -1251842.416978 253.640839 31.267569 127.993706 -25.642579 1494.341040 -6.122 -6.122 2.799167 3.208785 1.426 n/a n/a
262 12333.33 1330.48 100.000000 0.0283000141132863 0.032261 -1252543.612224 253.853913 31.306552 128.206537 -26.338303 1502.632684 -6.000 -6.000 2.801999 3.207295 1.423 n/a n/a
263 12333.33 1329.48 100.000000 0.0272719707543370 0.031118 -1252721.326399 253.743059 31.299806 128.161981 -26.225992 1500.691238 -6.031 -6.031 2.800069 3.207589 1.436 n/a n/a
264 12333.33 1328.48 100.000000 0.0262796043960306 0.030012 -1252897.436655 253.633136 31.293215 128.118694 -26.117197 1498.797624 -6.063 -6.063 2.798140 3.207878 1.448 n/a n/a
265 12333.33 1327.48 100.000000 0.0253212601313694 0.028944 -1253072.016212 253.524101 31.286772 128.076619 -26.011756 1496.949701 -6.096 -6.096 2.796214 3.208162 1.460 n/a n/a
266 12333.33 1328.55 100.000000 0.0263482826149582 0.030089 -1252885.098794 253.640839 31.293674 128.121699 -26.124739 1498.929315 -6.061 -6.061 2.798276 3.207858 1.447 n/a n/a
267 12000.00 1328.55 100.000000 0.0328419450971066 0.037412 -1253554.891181 253.874362 31.336954 128.361284 -26.918490 1508.335977 -5.941 -5.941 2.801282 3.206272 1.443 n/a n/a
268 12000.00 1327.55 100.000000 0.0316714574480013 0.036112 -1253738.464142 253.759715 31.329516 128.311791 -26.790379 1506.199693 -5.971 -5.971 2.799355 3.206584 1.456 n/a n/a
269 12000.00 1326.55 100.000000 0.0305432929834669 0.034858 -1253920.154071 253.646172 31.322264 128.263799 -26.666495 1504.120026 -6.002 -6.002 2.797427 3.206890 1.468 n/a n/a
270 12000.00 1325.55 100.000000 0.0294554495104470 0.033647 -1254100.048885 253.533682 31.315190 128.217237 -26.546640 1502.094403 -6.034 -6.034 2.795498 3.207191 1.480 n/a n/a
271 12000.00 1326.50 100.000000 0.0304910496152283 0.034800 -1253928.685745 253.640839 31.321926 128.261570 -26.660748 1504.023210 -6.004 -6.004 2.797336 3.206905 1.469 n/a n/a
272 11666.67 1326.50 100.000000 0.0379514300373038 0.043199 -1254560.893982 253.898796 31.370376 128.533197 -27.572483 1514.756275 -5.886 -5.886 2.800482 3.205205 1.464 n/a n/a
273 11666.67 1325.50 100.000000 0.0366117355537814 0.041714 -1254751.382079 253.779678 31.362105 128.477869 -27.425402 1512.389727 -5.916 -5.916 2.798569 3.205538 1.476 n/a n/a
274 11666.67 1324.50 100.000000 0.0353224721200040 0.040283 -1254939.649079 253.661875 31.354060 128.424322 -27.283428 1510.090433 -5.945 -5.945 2.796651 3.205864 1.489 n/a n/a
275 11666.67 1323.50 100.000000 0.0340812000393495 0.038904 -1255125.801323 253.545322 31.346229 128.372471 -27.146316 1507.855281 -5.976 -5.976 2.794728 3.206184 1.501 n/a n/a
276 11666.67 1324.32 100.000000 0.0350959405044756 0.040031 -1254973.254477 253.640839 31.352637 128.414882 -27.258437 1509.684125 -5.951 -5.951 2.796305 3.205922 1.491 n/a n/a
277 11333.33 1324.32 100.000000 0.0437182037548479 0.049721 -1255560.403727 253.928057 31.407328 128.724962 -28.312726 1521.999203 -5.837 -5.837 2.799551 3.204084 1.486 n/a n/a
278 11333.33 1323.32 100.000000 0.0421770746950991 0.048015 -1255759.068467 253.803656 31.398054 128.662724 -28.142799 1519.360103 -5.865 -5.865 2.797662 3.204442 1.498 n/a n/a
279 11333.33 1322.32 100.000000 0.0406963184007677 0.046374 -1255955.100550 253.680826 31.389053 128.602610 -27.979075 1516.801196 -5.893 -5.893 2.795763 3.204792 1.510 n/a n/a
280 11333.33 1321.32 100.000000 0.0392729383581227 0.044795 -1256148.629632 253.559490 31.380313 128.544514 -27.821247 1514.318686 -5.922 -5.922 2.793856 3.205135 1.523 n/a n/a
281 11333.33 1321.99 100.000000 0.0402229366272211 0.045849 -1256018.892650 253.640839 31.386156 128.583323 -27.926636 1515.978116 -5.903 -5.903 2.795138 3.204906 1.515 n/a n/a
282 11000.00 1321.99 100.000000 0.0502450216608290 0.057092 -1256551.936580 253.963170 31.448414 128.939634 -29.153790 1530.184416 -5.793 -5.793 2.798435 3.202903 1.508 n/a n/a
283 11000.00 1320.99 100.000000 0.0484635775289247 0.055123 -1256760.286952 253.832513 31.437925 128.869199 -28.956268 1527.222221 -5.820 -5.820 2.796581 3.203291 1.521 n/a n/a
284 11000.00 1319.99 100.000000 0.0467547652729798 0.053232 -1256965.500828 253.703743 31.427771 128.801307 -28.766320 1524.356040 -5.847 -5.847 2.794713 3.203669 1.533 n/a n/a
285 11000.00 1318.99 100.000000 0.0451148718947535 0.051416 -1257167.737689 253.576761 31.417935 128.735827 -28.583559 1521.581203 -5.874 -5.874 2.792833 3.204038 1.546 n/a n/a
286 11000.00 1319.50 100.000000 0.0459368187296211 0.052327 -1257065.700312 253.640839 31.422876 128.768688 -28.675223 1522.975068 -5.860 -5.860 2.793786 3.203852 1.540 n/a n/a
287 10666.67 1319.50 100.000000 0.0576491476282220 0.065442 -1257533.681610 254.005385 31.494337 129.180672 -30.112714 1539.446845 -5.756 -5.756 2.797082 3.201650 1.533 n/a n/a
288 10666.67 1318.50 100.000000 0.0555803764292803 0.063158 -1257753.526302 253.867305 31.482375 129.100494 -29.881759 1536.101031 -5.781 -5.781 2.795274 3.202073 1.545 n/a n/a
289 10666.67 1317.50 100.000000 0.0535994470910845 0.060969 -1257969.613945 253.731499 31.470826 129.023375 -29.660105 1532.870696 -5.806 -5.806 2.793448 3.202485 1.558 n/a n/a
290 10666.67 1316.50 100.000000 0.0517017140839865 0.058870 -1258182.142600 253.597846 31.459666 128.949153 -29.447260 1529.750039 -5.832 -5.832 2.791605 3.202885 1.570 n/a n/a
291 10666.67 1316.82 100.000000 0.0523065867114700 0.059540 -1258113.791343 253.640839 31.463234 128.972848 -29.515157 1530.747560 -5.824 -5.824 2.792203 3.202757 1.566 n/a n/a
292 10333.33 1316.82 100.000000 0.0660640866163751 0.074916 -1258503.425793 254.056231 31.545922 129.451985 -31.209403 1549.938197 -5.726 -5.726 2.795437 3.200313 1.560 n/a n/a
293 10333.33 1315.82 100.000000 0.0636509892660364 0.072256 -1258736.938108 253.909319 31.532169 129.360203 -30.937815 1546.136100 -5.749 -5.749 2.793688 3.200779 1.572 n/a n/a
294 10333.33 1314.82 100.000000 0.0613447307042698 0.069711 -1258965.924102 253.765165 31.518927 129.272120 -30.677720 1542.473591 -5.772 -5.772 2.791916 3.201231 1.584 n/a n/a
295 10333.33 1313.82 100.000000 0.0591394376012254 0.067276 -1259190.632303 253.623614 31.506166 129.187534 -30.428486 1538.943391 -5.797 -5.797 2.790122 3.201669 1.597 n/a n/a
296 10333.33 1313.95 100.000000 0.0594046643731513 0.067569 -1259163.294919 253.640839 31.507706 129.197726 -30.458489 1539.369472 -5.794 -5.794 2.790343 3.201616 1.595 n/a n/a
297 10000.00 1313.95 100.000000 0.0756417054192779 0.085679 -1259458.460321 254.117576 31.604136 129.757984 -32.467113 1561.828893 -5.702 -5.702 2.793452 3.198880 1.589 n/a n/a
298 10000.00 1312.95 100.000000 0.0728149507462204 0.082569 -1259708.259428 253.960132 31.588198 129.652350 -32.145980 1557.482969 -5.723 -5.723 2.791775 3.199396 1.601 n/a n/a
299 10000.00 1311.95 100.000000 0.0701189292527838 0.079599 -1259952.572070 253.806050 31.572895 129.551216 -31.839144 1553.306725 -5.745 -5.745 2.790068 3.199895 1.613 n/a n/a
300 10000.00 1310.95 100.000000 0.0675461326598397 0.076762 -1260191.713500 253.655134 31.558191 129.454324 -31.545780 1549.290915 -5.768 -5.768 2.788335 3.200379 1.625 n/a n/a
301 10000.00 1310.85 100.000000 0.0673059271736231 0.076496 -1260214.356983 253.640839 31.556813 129.445257 -31.518362 1548.914395 -5.770 -5.770 2.788168 3.200424 1.626 n/a n/a
302 9666.67 1310.85 100.000000 0.0865549452768321 0.097920 -1260395.463459 254.191712 31.670107 130.103662 -33.913057 1575.310697 -5.684 -5.684 2.791085 3.197331 1.621 n/a n/a
303 9666.67 1309.85 100.000000 0.0832298880151731 0.094267 -1260664.716683 254.021675 31.651495 129.981451 -33.531305 1570.315039 -5.704 -5.704 2.789491 3.197909 1.632 n/a n/a
304 9666.67 1308.85 100.000000 0.0800658389392508 0.090788 -1260927.276638 253.855761 31.633679 129.864746 -33.167460 1565.526921 -5.724 -5.724 2.787862 3.198465 1.644 n/a n/a
305 9666.67 1307.85 100.000000 0.0770530889426657 0.087471 -1261183.547707 253.693718 31.616612 129.753218 -32.820440 1560.934448 -5.745 -5.745 2.786200 3.199002 1.656 n/a n/a
306 9666.67 1307.52 100.000000 0.0760866162661136 0.086406 -1261267.141654 253.640838 31.611114 129.717351 -32.708990 1559.453956 -5.752 -5.752 2.785642 3.199176 1.660 n/a n/a
307 9333.33 1307.52 100.000000 0.0990014027149801 0.111847 -1261310.353941 254.281457 31.745161 130.494692 -35.579171 1590.600382 -5.674 -5.674 2.788302 3.195647 1.655 n/a n/a
308 9333.33 1306.52 100.000000 0.0950742701317517 0.107542 -1261602.906198 254.096317 31.723265 130.352583 -35.122974 1584.826265 -5.691 -5.691 2.786802 3.196299 1.667 n/a n/a
309 9333.33 1305.52 100.000000 0.0913467917146979 0.103451 -1261887.237589 253.916266 31.702375 130.217259 -34.689376 1579.307706 -5.710 -5.710 2.785261 3.196925 1.678 n/a n/a
310 9333.33 1304.52 100.000000 0.0878062654420324 0.099561 -1262163.872705 253.740977 31.682428 130.088290 -34.276931 1574.029215 -5.729 -5.729 2.783681 3.197527 1.690 n/a n/a
311 9333.33 1303.93 100.000000 0.0858232236210526 0.097379 -1262321.832452 253.640837 31.671206 130.015856 -34.045645 1571.056161 -5.741 -5.741 2.782743 3.197867 1.697 n/a n/a
312 9000.00 1303.93 100.000000 0.1120872528295794 0.126479 -1262243.192762 254.361689 31.824992 130.900073 -37.369416 1606.362162 -5.673 -5.673 2.784636 3.193955 1.696 n/a n/a
313 9000.00 1302.93 100.000000 0.1085511333833372 0.122608 -1262518.645327 254.186969 31.804913 130.771498 -36.955124 1601.234987 -5.685 -5.685 2.783683 3.194543 1.704 n/a n/a
314 9000.00 1301.93 100.000000 0.1041434762091362 0.117782 -1262829.015607 253.989982 31.780251 130.613847 -36.435881 1594.842097 -5.702 -5.702 2.782240 3.195254 1.716 n/a n/a
315 9000.00 1300.93 100.000000 0.0999683623187449 0.113205 -1263129.905902 253.798891 31.756783 130.464049 -35.943423 1588.745741 -5.719 -5.719 2.780752 3.195934 1.727 n/a n/a
316 9000.00 1299.97 100.000000 0.0961485388150105 0.109011 -1263411.633558 253.619857 31.735210 130.326567 -35.492294 1583.130931 -5.737 -5.737 2.779278 3.196563 1.738 n/a n/a
317 8666.67 1299.97 100.000000 0.1185460751151242 0.133901 -1263500.848795 254.237214 31.871110 131.075797 -38.413123 1612.386401 -5.700 -5.700 2.777837 3.193264 1.755 n/a n/a
318 8666.67 1298.97 100.000000 0.1164202950821022 0.131568 -1263719.223051 254.098354 31.858272 130.994789 -38.164089 1609.295704 -5.706 -5.706 2.777524 3.193651 1.760 n/a n/a
319 8666.67 1297.97 100.000000 0.1143020096199774 0.129241 -1263937.057446 253.959749 31.845467 130.914004 -37.915611 1606.199706 -5.713 -5.713 2.777191 3.194038 1.766 n/a n/a
320 8666.67 1296.97 100.000000 0.1121919135888771 0.126922 -1264154.329109 253.821415 31.832697 130.833464 -37.667774 1603.099545 -5.720 -5.720 2.776837 3.194425 1.771 n/a n/a
321 8666.67 1295.66 100.000000 0.1071548862147536 0.121399 -1264528.891912 253.582752 31.803882 130.652416 -37.066309 1595.795111 -5.739 -5.739 2.775341 3.195246 1.784 n/a n/a
322 8666.67 1299.97 100.000000 0.1185460751151060 0.133901 -1263500.848795 254.237214 31.871110 131.075797 -38.413123 1612.386401 -5.700 -5.700 2.777837 3.193264 1.755 n/a n/a
323 8666.67 1299.54 100.000000 0.1176341522065624 0.132900 -1263594.502440 254.177673 31.865605 131.041053 -38.306331 1611.062536 -5.703 -5.703 2.777705 3.193430 1.757 n/a n/a
324 8666.67 1299.11 100.000000 0.1167235349411378 0.131900 -1263688.059260 254.118176 31.860105 131.006349 -38.199633 1609.737582 -5.705 -5.705 2.777570 3.193596 1.759 n/a n/a
325 8666.67 1298.68 100.000000 0.1158142760593835 0.130902 -1263781.517520 254.058726 31.854610 130.971684 -38.093035 1608.411625 -5.708 -5.708 2.777431 3.193762 1.762 n/a n/a
326 8666.67 1298.26 100.000000 0.1149064292999266 0.129905 -1263874.875451 253.999324 31.849122 130.937061 -37.986543 1607.084752 -5.711 -5.711 2.777288 3.193928 1.764 n/a n/a
327 8666.67 1297.83 100.000000 0.1140000493776253 0.128909 -1263968.131253 253.939970 31.843640 130.902483 -37.880165 1605.757054 -5.714 -5.714 2.777142 3.194093 1.766 n/a n/a
328 8666.67 1297.40 100.000000 0.1130951919497929 0.127915 -1264061.283093 253.880667 31.838165 130.867950 -37.773906 1604.428620 -5.717 -5.717 2.776992 3.194259 1.769 n/a n/a
329 8666.67 1296.97 100.000000 0.1121919135888414 0.126922 -1264154.329109 253.821415 31.832697 130.833464 -37.667774 1603.099545 -5.720 -5.720 2.776837 3.194425 1.771 n/a n/a
330 8666.67 1295.66 100.000000 0.1071548878478300 0.121399 -1264528.891798 253.582752 31.803882 130.652416 -37.066309 1595.795113 -5.739 -5.739 2.775341 3.195246 1.784 n/a n/a
331 8666.67 1299.97 100.000000 0.1185460751162735 0.133901 -1263500.848795 254.237214 31.871110 131.075797 -38.413123 1612.386401 -5.700 -5.700 2.777837 3.193264 1.755 n/a n/a
332 8666.67 1299.77 100.000000 0.1181203519246125 0.133434 -1263544.565770 254.209423 31.868540 131.059579 -38.363276 1611.768738 -5.701 -5.701 2.777776 3.193341 1.756 n/a n/a
333 8666.67 1299.57 100.000000 0.1176949070247199 0.132967 -1263588.261857 254.181641 31.865972 131.043369 -38.313448 1611.150828 -5.702 -5.702 2.777714 3.193419 1.757 n/a n/a
334 8666.67 1299.37 100.000000 0.1172697456922973 0.132500 -1263631.936884 254.153869 31.863404 131.027167 -38.263640 1610.532680 -5.704 -5.704 2.777652 3.193496 1.758 n/a n/a
335 8666.67 1299.17 100.000000 0.1168448732535650 0.132034 -1263675.590674 254.126106 31.860838 131.010974 -38.213854 1609.914302 -5.705 -5.705 2.777588 3.193573 1.759 n/a n/a
336 8666.67 1298.97 100.000000 0.1164202950821064 0.131568 -1263719.223051 254.098354 31.858272 130.994789 -38.164089 1609.295704 -5.706 -5.706 2.777524 3.193651 1.760 n/a n/a
337 8666.67 1298.77 100.000000 0.1159960165991007 0.131102 -1263762.833837 254.070612 31.855709 130.978614 -38.114346 1608.676892 -5.708 -5.708 2.777459 3.193728 1.761 n/a n/a
338 8666.67 1298.57 100.000000 0.1155720432739835 0.130636 -1263806.422852 254.042881 31.853146 130.962447 -38.064626 1608.057878 -5.709 -5.709 2.777393 3.193806 1.762 n/a n/a
339 8666.67 1298.37 100.000000 0.1151483806208856 0.130171 -1263849.989914 254.015160 31.850585 130.946290 -38.014930 1607.438670 -5.710 -5.710 2.777327 3.193883 1.763 n/a n/a
340 8666.67 1298.17 100.000000 0.1147250342008835 0.129706 -1263893.534840 253.987449 31.848025 130.930142 -37.965258 1606.819276 -5.712 -5.712 2.777259 3.193961 1.764 n/a n/a
341 8666.67 1297.97 100.000000 0.1143020096202069 0.129241 -1263937.057446 253.959749 31.845467 130.914004 -37.915611 1606.199706 -5.713 -5.713 2.777191 3.194038 1.766 n/a n/a
342 8666.67 1297.77 100.000000 0.1138793125286311 0.128777 -1263980.557545 253.932060 31.842910 130.897875 -37.865990 1605.579970 -5.714 -5.714 2.777122 3.194116 1.767 n/a n/a
343 8666.67 1297.57 100.000000 0.1134569486210609 0.128313 -1264024.034951 253.904382 31.840354 130.881757 -37.816395 1604.960076 -5.716 -5.716 2.777052 3.194193 1.768 n/a n/a
344 8666.67 1297.37 100.000000 0.1130349236349309 0.127849 -1264067.489474 253.876715 31.837800 130.865649 -37.766827 1604.340034 -5.717 -5.717 2.776981 3.194270 1.769 n/a n/a
345 8666.67 1297.17 100.000000 0.1126132433503329 0.127385 -1264110.920923 253.849059 31.835248 130.849551 -37.717286 1603.719854 -5.719 -5.719 2.776910 3.194348 1.770 n/a n/a
346 8666.67 1296.97 100.000000 0.1121919135888678 0.126922 -1264154.329109 253.821415 31.832697 130.833464 -37.667774 1603.099545 -5.720 -5.720 2.776837 3.194425 1.771 n/a n/a
347 8666.67 1295.66 100.000000 0.1071548895905894 0.121399 -1264528.891676 253.582752 31.803882 130.652416 -37.066309 1595.795116 -5.739 -5.739 2.775341 3.195246 1.784 n/a n/a
348 8666.67 1299.97 100.000000 0.1185460751157492 0.133901 -1263500.848795 254.237214 31.871110 131.075797 -38.413123 1612.386401 -5.700 -5.700 2.777837 3.193264 1.755 n/a n/a
349 8666.67 1299.87 100.000000 0.1183400456039215 0.133675 -1263522.004767 254.223766 31.869867 131.067948 -38.389001 1612.087563 -5.701 -5.701 2.777808 3.193301 1.755 n/a n/a
350 8666.67 1299.78 100.000000 0.1181340806155827 0.133449 -1263543.155870 254.210319 31.868623 131.060102 -38.364884 1611.788667 -5.701 -5.701 2.777778 3.193339 1.756 n/a n/a
351 8666.67 1299.68 100.000000 0.1179281807426192 0.133223 -1263564.302084 254.196875 31.867380 131.052257 -38.340770 1611.489712 -5.702 -5.702 2.777748 3.193376 1.756 n/a n/a
352 8666.67 1299.58 100.000000 0.1177223465822956 0.132997 -1263585.443389 254.183433 31.866137 131.044414 -38.316662 1611.190701 -5.702 -5.702 2.777718 3.193414 1.757 n/a n/a
353 8666.67 1299.49 100.000000 0.1175165787333290 0.132771 -1263606.579765 254.169993 31.864895 131.036573 -38.292558 1610.891634 -5.703 -5.703 2.777688 3.193451 1.757 n/a n/a
354 8666.67 1299.39 100.000000 0.1173108777971142 0.132545 -1263627.711194 254.156556 31.863652 131.028734 -38.268460 1610.592511 -5.704 -5.704 2.777658 3.193489 1.758 n/a n/a
355 8666.67 1299.29 100.000000 0.1171052443779505 0.132319 -1263648.837654 254.143121 31.862410 131.020897 -38.244366 1610.293335 -5.704 -5.704 2.777627 3.193526 1.758 n/a n/a
356 8666.67 1299.20 100.000000 0.1168996790827943 0.132094 -1263669.959126 254.129688 31.861169 131.013063 -38.220277 1609.994106 -5.705 -5.705 2.777596 3.193563 1.759 n/a n/a
357 8666.67 1299.10 100.000000 0.1166941825207818 0.131868 -1263691.075591 254.116258 31.859927 131.005230 -38.196193 1609.694824 -5.706 -5.706 2.777565 3.193601 1.759 n/a n/a
358 8666.67 1299.00 100.000000 0.1164887553045018 0.131643 -1263712.187027 254.102830 31.858686 130.997399 -38.172114 1609.395492 -5.706 -5.706 2.777534 3.193638 1.760 n/a n/a
359 8666.67 1298.91 100.000000 0.1162833980485507 0.131417 -1263733.293414 254.089404 31.857445 130.989570 -38.148040 1609.096110 -5.707 -5.707 2.777503 3.193676 1.760 n/a n/a
360 8666.67 1298.81 100.000000 0.1160781113700977 0.131192 -1263754.394733 254.075981 31.856205 130.981744 -38.123972 1608.796678 -5.707 -5.707 2.777472 3.193713 1.761 n/a n/a
361 8666.67 1298.71 100.000000 0.1158728958895497 0.130966 -1263775.490963 254.062560 31.854965 130.973919 -38.099909 1608.497199 -5.708 -5.708 2.777440 3.193751 1.762 n/a n/a
362 8666.67 1298.62 100.000000 0.1156677522282583 0.130741 -1263796.582084 254.049142 31.853725 130.966097 -38.075851 1608.197673 -5.709 -5.709 2.777408 3.193788 1.762 n/a n/a
363 8666.67 1298.52 100.000000 0.1154626810120735 0.130516 -1263817.668074 254.035726 31.852485 130.958277 -38.051799 1607.898101 -5.709 -5.709 2.777376 3.193826 1.763 n/a n/a
364 8666.67 1298.42 100.000000 0.1152576828685212 0.130291 -1263838.748913 254.022313 31.851246 130.950459 -38.027753 1607.598483 -5.710 -5.710 2.777344 3.193863 1.763 n/a n/a
365 8666.67 1298.33 100.000000 0.1150527584268689 0.130066 -1263859.824580 254.008902 31.850007 130.942643 -38.003712 1607.298822 -5.711 -5.711 2.777311 3.193901 1.764 n/a n/a
366 8666.67 1298.23 100.000000 0.1148479083198285 0.129841 -1263880.895056 253.995493 31.848768 130.934829 -37.979677 1606.999118 -5.711 -5.711 2.777279 3.193938 1.764 n/a n/a
367 8666.67 1298.13 100.000000 0.1146431331832626 0.129616 -1263901.960318 253.982087 31.847530 130.927018 -37.955647 1606.699373 -5.712 -5.712 2.777246 3.193976 1.765 n/a n/a
368 8666.67 1298.04 100.000000 0.1144384336534001 0.129391 -1263923.020346 253.968684 31.846292 130.919209 -37.931624 1606.399586 -5.713 -5.713 2.777213 3.194013 1.765 n/a n/a
369 8666.67 1297.94 100.000000 0.1142338103703893 0.129166 -1263944.075118 253.955283 31.845054 130.911402 -37.907606 1606.099760 -5.713 -5.713 2.777180 3.194051 1.766 n/a n/a
370 8666.67 1297.84 100.000000 0.1140292639767379 0.128941 -1263965.124614 253.941884 31.843817 130.903597 -37.883595 1605.799895 -5.714 -5.714 2.777146 3.194088 1.766 n/a n/a
371 8666.67 1297.74 100.000000 0.1138247951169448 0.128717 -1263986.168812 253.928488 31.842580 130.895795 -37.859589 1605.499992 -5.715 -5.715 2.777113 3.194126 1.767 n/a n/a
372 8666.67 1297.65 100.000000 0.1136204044378073 0.128492 -1264007.207691 253.915095 31.841343 130.887995 -37.835590 1605.200053 -5.715 -5.715 2.777079 3.194163 1.767 n/a n/a
373 8666.67 1297.55 100.000000 0.1134160925890182 0.128268 -1264028.241230 253.901704 31.840107 130.880198 -37.811597 1604.900078 -5.716 -5.716 2.777045 3.194200 1.768 n/a n/a
374 8666.67 1297.45 100.000000 0.1132118602228144 0.128043 -1264049.269407 253.888316 31.838871 130.872403 -37.787610 1604.600069 -5.717 -5.717 2.777011 3.194238 1.768 n/a n/a
375 8666.67 1297.36 100.000000 0.1130077079910892 0.127819 -1264070.292201 253.874930 31.837636 130.864610 -37.763630 1604.300027 -5.717 -5.717 2.776977 3.194275 1.769 n/a n/a
376 8666.67 1297.26 100.000000 0.1128036365527269 0.127595 -1264091.309590 253.861548 31.836400 130.856820 -37.739656 1603.999952 -5.718 -5.718 2.776942 3.194313 1.769 n/a n/a
377 8666.67 1297.16 100.000000 0.1125996465649654 0.127370 -1264112.321552 253.848167 31.835166 130.849032 -37.715689 1603.699846 -5.719 -5.719 2.776908 3.194350 1.770 n/a n/a
378 8666.67 1297.07 100.000000 0.1123957386894587 0.127146 -1264133.328065 253.834790 31.833931 130.841247 -37.691728 1603.399710 -5.719 -5.719 2.776873 3.194388 1.770 n/a n/a
379 8666.67 1296.97 100.000000 0.1121919135888809 0.126922 -1264154.329109 253.821415 31.832697 130.833464 -37.667774 1603.099545 -5.720 -5.720 2.776837 3.194425 1.771 n/a n/a
380 8666.67 1295.66 100.000000 0.1071548905884674 0.121399 -1264528.891606 253.582752 31.803882 130.652416 -37.066309 1595.795117 -5.739 -5.739 2.775341 3.195246 1.784 n/a n/a
381 8333.33 1295.66 100.000000 0.1245000496720160 0.140787 -1264828.919988 254.068546 31.915123 131.227988 -39.430055 1617.419815 -5.730 -5.730 2.770824 3.192707 1.817 n/a n/a
382 8333.33 1294.66 100.000000 0.1223858602854135 0.138466 -1265046.473138 253.929828 31.902201 131.147790 -39.179116 1614.380982 -5.736 -5.736 2.770550 3.193087 1.822 n/a n/a
383 8333.33 1293.66 100.000000 0.1202767230330663 0.136150 -1265263.576607 253.791308 31.889300 131.067731 -38.928442 1611.333643 -5.742 -5.742 2.770257 3.193468 1.827 n/a n/a
384 8333.33 1292.66 100.000000 0.1181732433863926 0.133838 -1265480.210640 253.653000 31.876421 130.987830 -38.678108 1608.278766 -5.748 -5.748 2.769946 3.193849 1.833 n/a n/a
385 8333.33 1292.57 100.000000 0.1179884226006407 0.133634 -1265499.251939 253.640839 31.875289 130.980807 -38.656097 1608.009600 -5.749 -5.749 2.769918 3.193883 1.833 n/a n/a
386 8000.00 1292.57 100.000000 0.1332146260054373 0.150722 -1265888.511415 254.071911 31.977150 131.480251 -40.811479 1626.087585 -5.754 -5.754 2.763981 3.191700 1.874 n/a n/a
387 8000.00 1291.57 100.000000 0.1311172809556575 0.148421 -1266105.405043 253.933341 31.964184 131.401077 -40.559718 1623.128178 -5.759 -5.759 2.763762 3.192072 1.879 n/a n/a
388 8000.00 1290.57 100.000000 0.1290222187354013 0.146121 -1266321.947882 253.794906 31.951224 131.321949 -40.307881 1620.156636 -5.764 -5.764 2.763527 3.192445 1.884 n/a n/a
389 8000.00 1289.57 100.000000 0.1269298920561861 0.143823 -1266538.125495 253.656617 31.938270 131.242882 -40.056024 1617.173664 -5.770 -5.770 2.763276 3.192818 1.889 n/a n/a
390 8000.00 1289.46 100.000000 0.1266912260589954 0.143561 -1266562.780570 253.640839 31.936792 131.233860 -40.027273 1616.832433 -5.770 -5.770 2.763247 3.192861 1.890 n/a n/a
391 7666.67 1289.46 100.000000 0.1419722374551926 0.160721 -1266954.302032 254.072660 32.040860 131.729235 -42.240655 1634.416034 -5.779 -5.779 2.756932 3.190736 1.932 n/a n/a
392 7666.67 1288.46 100.000000 0.1399043506865515 0.158454 -1267170.104150 253.934512 32.027923 131.651495 -41.989697 1631.553159 -5.784 -5.784 2.756760 3.191098 1.937 n/a n/a
393 7666.67 1287.46 100.000000 0.1378366509240105 0.156186 -1267385.629956 253.796453 32.014978 131.573733 -41.738393 1628.675666 -5.788 -5.788 2.756575 3.191461 1.942 n/a n/a
394 7666.67 1286.46 100.000000 0.1357694263147160 0.153917 -1267600.870779 253.658488 32.002028 131.495960 -41.486781 1625.783990 -5.793 -5.793 2.756377 3.191825 1.947 n/a n/a
395 7666.67 1286.33 100.000000 0.1355049305833030 0.153626 -1267628.394448 253.640839 32.000371 131.486007 -41.454562 1625.412938 -5.794 -5.794 2.756350 3.191871 1.948 n/a n/a
396 7333.33 1286.33 100.000000 0.1507353476456126 0.170743 -1268025.887073 254.071075 32.106091 131.973758 -43.714551 1642.331757 -5.807 -5.807 2.749700 3.189821 1.991 n/a n/a
397 7333.33 1285.33 100.000000 0.1487067888972974 0.168521 -1268240.273735 253.933558 32.093242 131.897759 -43.465762 1639.577910 -5.811 -5.811 2.749567 3.190172 1.996 n/a n/a
398 7333.33 1284.33 100.000000 0.1466770476794592 0.166296 -1268454.432439 253.796099 32.080378 131.821698 -43.216442 1636.808120 -5.814 -5.814 2.749424 3.190523 2.001 n/a n/a
399 7333.33 1283.33 100.000000 0.1446462520024921 0.164068 -1268668.360155 253.658700 32.067500 131.745578 -42.966608 1634.022576 -5.818 -5.818 2.749270 3.190876 2.007 n/a n/a
400 7333.33 1283.20 100.000000 0.1443821234234766 0.163779 -1268696.159449 253.640839 32.065824 131.735676 -42.934086 1633.659233 -5.819 -5.819 2.749249 3.190922 2.007 n/a n/a
401 7000.00 1283.20 100.000000 0.1594727219974940 0.180752 -1269102.657156 254.067570 32.172697 132.212889 -45.230617 1649.771424 -5.837 -5.837 2.742307 3.188959 2.051 n/a n/a
402 7000.00 1282.20 100.000000 0.1574902892485159 0.178582 -1269315.421881 253.930819 32.159984 132.138830 -44.985040 1647.134211 -5.840 -5.840 2.742206 3.189297 2.057 n/a n/a
403 7000.00 1281.20 100.000000 0.1555060189520171 0.176409 -1269527.981478 253.794111 32.147250 132.064692 -44.738833 1644.480815 -5.843 -5.843 2.742097 3.189636 2.062 n/a n/a
404 7000.00 1280.20 100.000000 0.1535198959174097 0.174232 -1269740.337992 253.657447 32.134497 131.990472 -44.491995 1641.811213 -5.846 -5.846 2.741978 3.189976 2.067 n/a n/a
405 7000.00 1280.08 100.000000 0.1532783711560604 0.173968 -1269766.134600 253.640839 32.132945 131.981446 -44.461951 1641.485638 -5.846 -5.846 2.741963 3.190018 2.067 n/a n/a
406 6666.67 1280.08 100.000000 0.1681604422313932 0.190722 -1270183.858130 254.062649 32.240562 132.445968 -46.786978 1656.682952 -5.869 -5.869 2.734773 3.188152 2.112 n/a n/a
407 6666.67 1279.08 100.000000 0.1662277682745741 0.188608 -1270394.912646 253.926725 32.228013 132.373937 -46.545296 1654.165194 -5.871 -5.871 2.734697 3.188477 2.118 n/a n/a
408 6666.67 1278.08 100.000000 0.1642932520298571 0.186492 -1270605.761744 253.790845 32.215444 132.301831 -46.302969 1651.631939 -5.873 -5.873 2.734615 3.188804 2.123 n/a n/a
409 6666.67 1277.08 100.000000 0.1623567595367091 0.184372 -1270816.411724 253.655006 32.202854 132.229644 -46.059979 1649.083001 -5.876 -5.876 2.734525 3.189131 2.128 n/a n/a
410 6666.67 1276.98 100.000000 0.1621546564404117 0.184150 -1270838.372191 253.640839 32.201540 132.222110 -46.034595 1648.816226 -5.876 -5.876 2.734515 3.189166 2.129 n/a n/a
411 6333.33 1276.98 100.000000 0.1767826196953779 0.200634 -1271268.657311 254.056871 32.309602 132.672612 -48.382620 1663.026113 -5.903 -5.903 2.727117 3.187404 2.174 n/a n/a
412 6333.33 1275.98 100.000000 0.1749002877313625 0.198578 -1271478.024849 253.921762 32.297232 132.602595 -48.145143 1660.626244 -5.904 -5.904 2.727060 3.187717 2.179 n/a n/a
413 6333.33 1274.98 100.000000 0.1730166610811024 0.196519 -1271687.167100 253.786712 32.284844 132.532524 -47.907079 1658.212299 -5.906 -5.906 2.726998 3.188030 2.184 n/a n/a
414 6333.33 1273.98 100.000000 0.1711315139313974 0.194457 -1271896.093706 253.651714 32.272437 132.462392 -47.668398 1655.783977 -5.908 -5.908 2.726931 3.188345 2.190 n/a n/a
415 6333.33 1273.90 100.000000 0.1709795498168360 0.194291 -1271912.918386 253.640839 32.271436 132.456738 -47.649139 1655.587686 -5.908 -5.908 2.726925 3.188370 2.190 n/a n/a
416 6000.00 1273.90 100.000000 0.1853317998887130 0.210480 -1272356.208961 254.050802 32.379774 132.892708 -50.017558 1668.772523 -5.940 -5.940 2.719356 3.186718 2.236 n/a n/a
417 6000.00 1272.90 100.000000 0.1834976209222074 0.208478 -1272564.012060 253.916436 32.367581 132.824600 -49.784230 1666.485227 -5.940 -5.940 2.719313 3.187017 2.241 n/a n/a
418 6000.00 1271.90 100.000000 0.1816631345662164 0.206476 -1272771.554395 253.782152 32.355375 132.756475 -49.550436 1664.185806 -5.941 -5.941 2.719266 3.187318 2.246 n/a n/a
419 6000.00 1270.90 100.000000 0.1798280484749671 0.204471 -1272978.848104 253.647941 32.343153 132.688323 -49.316137 1661.873884 -5.943 -5.943 2.719215 3.187620 2.252 n/a n/a
420 6000.00 1270.84 100.000000 0.1797308876770244 0.204365 -1272989.814312 253.640839 32.342506 132.684715 -49.303720 1661.751149 -5.943 -5.943 2.719212 3.187636 2.252 n/a n/a
421 5666.67 1270.84 100.000000 0.1938090818978425 0.220259 -1273445.710119 254.044985 32.451082 133.106401 -51.692971 1673.905053 -5.979 -5.979 2.711506 3.186094 2.297 n/a n/a
422 5666.67 1269.84 100.000000 0.1920184749213780 0.218308 -1273652.155232 253.911233 32.439047 133.040025 -51.463398 1671.722024 -5.979 -5.979 2.711472 3.186381 2.303 n/a n/a
423 5666.67 1268.84 100.000000 0.1902288769822604 0.216357 -1273858.292322 253.777594 32.427007 132.973678 -51.233530 1669.529159 -5.980 -5.980 2.711436 3.186669 2.309 n/a n/a
424 5666.67 1267.84 100.000000 0.1884399503179678 0.214405 -1274064.135322 253.644059 32.414958 132.907348 -51.003323 1667.326041 -5.980 -5.980 2.711396 3.186958 2.314 n/a n/a
425 5666.67 1267.82 100.000000 0.1883967997827345 0.214358 -1274069.097560 253.640839 32.414667 132.905748 -50.997765 1667.272763 -5.980 -5.980 2.711395 3.186965 2.314 n/a n/a
426 5333.33 1267.82 100.000000 0.2022239817003706 0.229983 -1274536.440707 254.039913 32.523575 133.314073 -53.411325 1678.416704 -6.022 -6.022 2.703580 3.185534 2.359 n/a n/a
427 5333.33 1266.82 100.000000 0.2004703963528075 0.228074 -1274741.801850 253.906603 32.511669 133.249195 -53.184809 1676.327440 -6.021 -6.021 2.703552 3.185809 2.365 n/a n/a
428 5333.33 1265.82 100.000000 0.1987193692422050 0.226167 -1274946.799191 253.773441 32.499765 133.184396 -52.958209 1674.230803 -6.021 -6.021 2.703521 3.186086 2.371 n/a n/a
429 5333.33 1264.82 100.000000 0.1969705328694973 0.224262 -1275151.447952 253.640420 32.487861 133.119667 -52.731474 1672.126363 -6.021 -6.021 2.703489 3.186363 2.377 n/a n/a
430 5333.33 1264.82 100.000000 0.1969760372541198 0.224268 -1275150.804002 253.640839 32.487899 133.119870 -52.732189 1672.133003 -6.021 -6.021 2.703489 3.186362 2.377 n/a n/a
431 5000.00 1264.82 100.000000 0.2105940799025748 0.239668 -1275627.785454 254.036016 32.597356 133.516321 -55.176462 1682.309038 -6.068 -6.068 2.695589 3.185039 2.421 n/a n/a
432 5000.00 1263.82 100.000000 0.2088694086604083 0.237794 -1275832.388779 253.902939 32.585535 133.452661 -54.952041 1680.301578 -6.067 -6.067 2.695564 3.185303 2.427 n/a n/a
433 5000.00 1262.82 100.000000 0.2071490023617449 0.235923 -1276036.566488 253.770051 32.573727 133.389137 -54.727775 1678.289267 -6.066 -6.066 2.695536 3.185569 2.433 n/a n/a
434 5000.00 1261.82 100.000000 0.2054324739223327 0.234055 -1276240.334771 253.637344 32.561930 133.325737 -54.503611 1676.271672 -6.065 -6.065 2.695507 3.185835 2.439 n/a n/a
435 5000.00 1261.85 100.000000 0.2054776646010513 0.234104 -1276234.969802 253.640839 32.562241 133.327407 -54.509518 1676.324915 -6.065 -6.065 2.695508 3.185828 2.439 n/a n/a
436 4666.67 1261.85 100.000000 0.2189445111412480 0.249342 -1276719.238625 254.033657 32.672579 133.713922 -56.993669 1685.590274 -6.117 -6.117 2.687544 3.184610 2.482 n/a n/a
437 4666.67 1260.85 100.000000 0.2172394508343315 0.247492 -1276923.449278 253.900578 32.660792 133.651174 -56.770151 1683.651847 -6.116 -6.116 2.687518 3.184864 2.489 n/a n/a
438 4666.67 1259.85 100.000000 0.2155404679073508 0.245647 -1277127.168104 253.767732 32.649030 133.588619 -56.547051 1681.711061 -6.114 -6.114 2.687491 3.185119 2.495 n/a n/a
439 4666.67 1258.85 100.000000 0.2138471608798910 0.243807 -1277330.412112 253.635109 32.637288 133.526245 -56.324311 1679.767493 -6.112 -6.112 2.687463 3.185375 2.501 n/a n/a
440 4666.67 1258.89 100.000000 0.2139202668482744 0.243887 -1277321.633506 253.640839 32.637796 133.528939 -56.333936 1679.851595 -6.113 -6.113 2.687464 3.185364 2.501 n/a n/a
441 4333.33 1258.89 100.000000 0.2273073681898242 0.259038 -1277810.394910 254.033140 32.749453 133.907816 -58.869727 1688.273206 -6.171 -6.171 2.679451 3.184248 2.543 n/a n/a
442 4333.33 1257.89 100.000000 0.2256117052773093 0.257201 -1278014.606981 253.899802 32.737640 133.845650 -58.645721 1686.390736 -6.168 -6.168 2.679423 3.184492 2.550 n/a n/a
443 4333.33 1256.89 100.000000 0.2239240088071164 0.255372 -1278218.257446 253.766744 32.725863 133.783738 -58.422413 1684.508325 -6.166 -6.166 2.679394 3.184738 2.556 n/a n/a
444 4333.33 1255.89 100.000000 0.2222438639798686 0.253549 -1278421.364136 253.633955 32.714119 133.722065 -58.199744 1682.625561 -6.164 -6.164 2.679365 3.184984 2.563 n/a n/a
445 4333.33 1255.94 100.000000 0.2223308666911254 0.253644 -1278410.838122 253.640839 32.714728 133.725260 -58.211284 1682.723272 -6.164 -6.164 2.679366 3.184971 2.562 n/a n/a
446 4000.00 1255.94 100.000000 0.2357211023106612 0.268798 -1278900.930916 254.034721 32.828238 134.099069 -60.812958 1690.373076 -6.229 -6.229 2.671316 3.183954 2.604 n/a n/a
447 4000.00 1254.94 100.000000 0.2340239097097178 0.266962 -1279105.560768 253.900853 32.816332 134.037146 -60.586893 1688.533555 -6.226 -6.226 2.671284 3.184190 2.611 n/a n/a
448 4000.00 1253.94 100.000000 0.2323366402476861 0.265137 -1279309.555807 253.767313 32.804474 133.975536 -60.361822 1686.696420 -6.223 -6.223 2.671252 3.184426 2.618 n/a n/a
449 4000.00 1252.94 100.000000 0.2306588636360118 0.263320 -1279512.934793 253.634089 32.792662 133.914226 -60.137687 1684.861264 -6.220 -6.220 2.671219 3.184663 2.624 n/a n/a
450 4000.00 1252.99 100.000000 0.2307437454584545 0.263412 -1279502.633118 253.640839 32.793260 133.917329 -60.149034 1684.954309 -6.220 -6.220 2.671221 3.184651 2.624 n/a n/a
451 3666.67 1252.99 100.000000 0.2442299991115747 0.278668 -1279990.581463 254.038628 32.909250 134.288861 -62.833280 1691.905525 -6.291 -6.291 2.663143 3.183730 2.664 n/a n/a
452 3666.67 1251.99 100.000000 0.2425197425630276 0.276822 -1280196.064427 253.903942 32.897177 134.226831 -62.603409 1690.096259 -6.287 -6.287 2.663106 3.183958 2.671 n/a n/a
453 3666.67 1250.99 100.000000 0.2408214415119427 0.274987 -1280400.835480 253.769635 32.885165 134.165175 -62.374849 1688.291613 -6.284 -6.284 2.663069 3.184185 2.678 n/a n/a
454 3666.67 1249.99 100.000000 0.2391346454526014 0.273164 -1280604.914518 253.635693 32.873213 134.103880 -62.147538 1686.491186 -6.280 -6.280 2.663032 3.184413 2.685 n/a n/a
455 3666.67 1250.03 100.000000 0.2391993276728534 0.273234 -1280597.076331 253.640839 32.873672 134.106231 -62.156260 1686.560374 -6.280 -6.280 2.663033 3.184405 2.685 n/a n/a
456 3333.33 1250.03 100.000000 0.2518919156092922 0.287532 -1281110.572970 254.024399 32.983689 134.466553 -64.703814 1692.612682 -6.364 -6.364 2.656009 3.183460 2.714 n/a n/a
457 3333.33 1249.03 100.000000 0.2504579441315975 0.286017 -1281307.811318 253.894865 32.974156 134.407633 -64.540724 1690.901510 -6.358 -6.358 2.655641 3.183717 2.724 n/a n/a
458 3333.33 1248.03 100.000000 0.2490372765704907 0.284516 -1281504.272402 253.765757 32.964691 134.349180 -64.379074 1689.199102 -6.352 -6.352 2.655272 3.183973 2.735 n/a n/a
459 3333.33 1247.03 100.000000 0.2476296409230692 0.283028 -1281699.970368 253.637067 32.955293 134.291182 -64.218832 1687.505239 -6.346 -6.346 2.654902 3.184228 2.745 n/a n/a
460 3333.33 1247.06 100.000000 0.2476707858156668 0.283071 -1281694.235434 253.640839 32.955568 134.292878 -64.223517 1687.554851 -6.346 -6.346 2.654913 3.184220 2.745 n/a n/a
461 3000.00 1247.06 100.000000 0.2534460207576212 0.289534 -1282460.865985 253.859927 33.012293 134.502637 -65.521519 1690.019192 -6.434 -6.434 2.651618 3.183039 2.735 n/a n/a
462 3000.00 1246.06 100.000000 0.2531069543083108 0.289207 -1282612.976864 253.759835 33.009861 134.477427 -65.505623 1689.011694 -6.434 -6.434 2.651258 3.183255 2.746 n/a n/a
463 3000.00 1245.06 100.000000 0.2527703160443832 0.288882 -1282764.925189 253.659784 33.007435 134.452322 -65.489931 1688.008176 -6.434 -6.434 2.650900 3.183471 2.757 n/a n/a
464 3000.00 1244.06 100.000000 0.2524360848408181 0.288560 -1282916.712370 253.559774 33.005015 134.427323 -65.474442 1687.008604 -6.435 -6.435 2.650545 3.183686 2.768 n/a n/a
465 3000.00 1244.87 100.000000 0.2527068283540570 0.288821 -1282793.686082 253.640839 33.006976 134.447579 -65.486982 1687.818555 -6.434 -6.434 2.650833 3.183511 2.759 n/a n/a
466 2666.67 1244.87 100.000000 0.2533716033551606 0.289742 -1283771.347608 253.721843 33.030689 134.499947 -66.113238 1686.860145 -6.492 -6.492 2.647461 3.182515 2.747 n/a n/a
467 2666.67 1243.87 100.000000 0.2530324492173436 0.289415 -1283923.428846 253.621626 33.028253 134.474706 -66.097632 1685.844259 -6.492 -6.492 2.647098 3.182731 2.758 n/a n/a
468 2666.67 1242.87 100.000000 0.2526957257081273 0.289090 -1284075.347633 253.521450 33.025824 134.449571 -66.082232 1684.832433 -6.493 -6.493 2.646737 3.182947 2.769 n/a n/a
469 2666.67 1241.87 100.000000 0.2523614116791992 0.288768 -1284227.105378 253.421315 33.023401 134.424541 -66.067036 1683.824631 -6.493 -6.493 2.646377 3.183162 2.780 n/a n/a
470 2666.67 1244.06 100.000000 0.2530972919848978 0.289477 -1283894.280364 253.640839 33.028720 134.479538 -66.100608 1686.038737 -6.492 -6.492 2.647167 3.182690 2.756 n/a n/a
471 2333.33 1244.06 100.000000 0.2537760705986348 0.290414 -1284872.112177 253.722254 33.052687 134.532427 -66.743156 1684.994164 -6.551 -6.551 2.643783 3.181688 2.743 n/a n/a
472 2333.33 1243.06 100.000000 0.2534333777916764 0.290084 -1285024.393335 253.621852 33.050239 134.507004 -66.727566 1683.963735 -6.551 -6.551 2.643413 3.181905 2.754 n/a n/a
473 2333.33 1242.06 100.000000 0.2530931481780976 0.289757 -1285176.510141 253.521492 33.047798 134.481689 -66.712187 1682.937496 -6.551 -6.551 2.643045 3.182121 2.765 n/a n/a
474 2333.33 1241.06 100.000000 0.2527553602608921 0.289431 -1285328.464026 253.421174 33.045363 134.456480 -66.697017 1681.915411 -6.552 -6.552 2.642679 3.182337 2.776 n/a n/a
475 2333.33 1243.25 100.000000 0.2534980054740925 0.290147 -1284995.603387 253.640839 33.050702 134.511804 -66.730498 1684.158309 -6.551 -6.551 2.643482 3.181864 2.752 n/a n/a
476 2000.00 1243.25 100.000000 0.2541911602815806 0.291101 -1285973.600781 253.722675 33.074931 134.565240 -67.390025 1683.022289 -6.610 -6.610 2.640084 3.180858 2.739 n/a n/a
477 2000.00 1242.25 100.000000 0.2538448292696673 0.290768 -1286126.087027 253.622084 33.072470 134.539631 -67.374462 1681.976625 -6.610 -6.610 2.639707 3.181075 2.750 n/a n/a
478 2000.00 1241.25 100.000000 0.2535009950008347 0.290436 -1286278.406962 253.521536 33.070016 134.514131 -67.359115 1680.935287 -6.610 -6.610 2.639333 3.181292 2.761 n/a n/a
479 2000.00 1240.25 100.000000 0.2531596356171360 0.290108 -1286430.562039 253.421031 33.067569 134.488739 -67.343982 1679.898236 -6.611 -6.611 2.638960 3.181509 2.772 n/a n/a
480 2000.00 1242.44 100.000000 0.2539092249507187 0.290830 -1286097.663205 253.640839 33.072929 134.544398 -67.377348 1682.171297 -6.610 -6.610 2.639778 3.181034 2.748 n/a n/a
